0 -0.08925798 -0.5
0 0.09869869 -0.5
0.09754516 0.09869869 -0.4903926
0 -0.08925798 -0.5
0.09754516 0.09869869 -0.4903926
0.09754516 -0.08925798 -0.4903926
0.09754516 -0.08925798 -0.4903926
0.09754516 0.09869869 -0.4903926
0.1913417 0.0986987 -0.4619398
0.09754516 -0.08925798 -0.4903926
0.1913417 0.0986987 -0.4619398
0.1913417 -0.08925797 -0.4619397
0.1913417 -0.08925797 -0.4619397
0.1913417 0.0986987 -0.4619398
0.2777851 0.09869871 -0.4157348
0.1913417 -0.08925797 -0.4619397
0.2777851 0.09869871 -0.4157348
0.2777851 -0.08925796 -0.4157348
0.2777851 -0.08925796 -0.4157348
0.2777851 0.09869871 -0.4157348
0.3535534 0.09869871 -0.3535534
0.2777851 -0.08925796 -0.4157348
0.3535534 0.09869871 -0.3535534
0.3535534 -0.08925796 -0.3535534
0.3535534 -0.08925796 -0.3535534
0.3535534 0.09869871 -0.3535534
0.4157348 0.09869873 -0.2777851
0.3535534 -0.08925796 -0.3535534
0.4157348 0.09869873 -0.2777851
0.4157348 -0.08925794 -0.2777851
0.4157348 -0.08925794 -0.2777851
0.4157348 0.09869873 -0.2777851
0.4619398 0.09869874 -0.1913417
0.4157348 -0.08925794 -0.2777851
0.4619398 0.09869874 -0.1913417
0.4619398 -0.08925793 -0.1913417
0.4619398 -0.08925793 -0.1913417
0.4619398 0.09869874 -0.1913417
0.4903926 0.09869876 -0.09754518
0.4619398 -0.08925793 -0.1913417
0.4903926 0.09869876 -0.09754518
0.4903926 -0.08925791 -0.09754515
0.4903926 -0.08925791 -0.09754515
0.4903926 0.09869876 -0.09754518
0.5 0.09869877 1.299212E-08
0.4903926 -0.08925791 -0.09754515
0.5 0.09869877 1.299212E-08
0.5 -0.0892579 4.361415E-08
0.5 -0.0892579 4.361415E-08
0.5 0.09869877 1.299212E-08
0.4903926 0.09869879 0.09754515
0.5 -0.0892579 4.361415E-08
0.4903926 0.09869879 0.09754515
0.4903926 -0.08925788 0.09754518
0.4903926 -0.08925788 0.09754518
0.4903926 0.09869879 0.09754515
0.4619398 0.0986988 0.1913417
0.4903926 -0.08925788 0.09754518
0.4619398 0.0986988 0.1913417
0.4619398 -0.08925787 0.1913417
0.4619398 -0.08925787 0.1913417
0.4619398 0.0986988 0.1913417
0.4157348 0.09869882 0.2777851
0.4619398 -0.08925787 0.1913417
0.4157348 0.09869882 0.2777851
0.4157348 -0.08925785 0.2777851
0.4157348 -0.08925785 0.2777851
0.4157348 0.09869882 0.2777851
0.3535534 0.09869883 0.3535534
0.4157348 -0.08925785 0.2777851
0.3535534 0.09869883 0.3535534
0.3535534 -0.08925784 0.3535534
0.3535534 -0.08925784 0.3535534
0.3535534 0.09869883 0.3535534
0.2777851 0.09869884 0.4157348
0.3535534 -0.08925784 0.3535534
0.2777851 0.09869884 0.4157348
0.2777851 -0.08925783 0.4157349
0.2777851 -0.08925783 0.4157349
0.2777851 0.09869884 0.4157348
0.1913417 0.09869885 0.4619398
0.2777851 -0.08925783 0.4157349
0.1913417 0.09869885 0.4619398
0.1913417 -0.08925782 0.4619398
0.1913417 -0.08925782 0.4619398
0.1913417 0.09869885 0.4619398
0.09754515 0.09869885 0.4903927
0.1913417 -0.08925782 0.4619398
0.09754515 0.09869885 0.4903927
0.09754515 -0.08925781 0.4903927
0.09754515 -0.08925781 0.4903927
0.09754515 0.09869885 0.4903927
-4.371139E-08 0.09869885 0.5
0.09754515 -0.08925781 0.4903927
-4.371139E-08 0.09869885 0.5
-4.371139E-08 -0.08925781 0.5
-4.371139E-08 -0.08925781 0.5
-4.371139E-08 0.09869885 0.5
-0.09754512 0.09869885 0.4903927
-4.371139E-08 -0.08925781 0.5
-0.09754512 0.09869885 0.4903927
-0.09754512 -0.08925781 0.4903927
-0.09754512 -0.08925781 0.4903927
-0.09754512 0.09869885 0.4903927
-0.1913417 0.09869885 0.4619398
-0.09754512 -0.08925781 0.4903927
-0.1913417 0.09869885 0.4619398
-0.1913417 -0.08925782 0.4619398
-0.1913417 -0.08925782 0.4619398
-0.1913417 0.09869885 0.4619398
-0.2777852 0.09869884 0.4157348
-0.1913417 -0.08925782 0.4619398
-0.2777852 0.09869884 0.4157348
-0.2777852 -0.08925783 0.4157348
-0.2777852 -0.08925783 0.4157348
-0.2777852 0.09869884 0.4157348
-0.3535534 0.09869883 0.3535534
-0.2777852 -0.08925783 0.4157348
-0.3535534 0.09869883 0.3535534
-0.3535534 -0.08925784 0.3535534
-0.3535534 -0.08925784 0.3535534
-0.3535534 0.09869883 0.3535534
-0.4157347 0.09869882 0.2777852
-0.3535534 -0.08925784 0.3535534
-0.4157347 0.09869882 0.2777852
-0.4157347 -0.08925785 0.2777852
-0.4157347 -0.08925785 0.2777852
-0.4157347 0.09869882 0.2777852
-0.4619398 0.0986988 0.1913418
-0.4157347 -0.08925785 0.2777852
-0.4619398 0.0986988 0.1913418
-0.4619398 -0.08925787 0.1913418
-0.4619398 -0.08925787 0.1913418
-0.4619398 0.0986988 0.1913418
-0.4903926 0.09869879 0.09754518
-0.4619398 -0.08925787 0.1913418
-0.4903926 0.09869879 0.09754518
-0.4903926 -0.08925788 0.09754521
-0.4903926 -0.08925788 0.09754521
-0.4903926 0.09869879 0.09754518
-0.5 0.09869877 -1.482601E-08
-0.4903926 -0.08925788 0.09754521
-0.5 0.09869877 -1.482601E-08
-0.5 -0.0892579 1.579602E-08
-0.5 -0.0892579 1.579602E-08
-0.5 0.09869877 -1.482601E-08
-0.4903926 0.09869876 -0.09754521
-0.5 -0.0892579 1.579602E-08
-0.4903926 0.09869876 -0.09754521
-0.4903926 -0.08925791 -0.09754518
-0.4903926 -0.08925791 -0.09754518
-0.4903926 0.09869876 -0.09754521
-0.4619397 0.09869874 -0.1913418
-0.4903926 -0.08925791 -0.09754518
-0.4619397 0.09869874 -0.1913418
-0.4619397 -0.08925793 -0.1913418
-0.4619397 -0.08925793 -0.1913418
-0.4619397 0.09869874 -0.1913418
-0.4157349 0.09869873 -0.277785
-0.4619397 -0.08925793 -0.1913418
-0.4157349 0.09869873 -0.277785
-0.4157349 -0.08925794 -0.277785
-0.4157349 -0.08925794 -0.277785
-0.4157349 0.09869873 -0.277785
-0.3535534 0.09869871 -0.3535534
-0.4157349 -0.08925794 -0.277785
-0.3535534 0.09869871 -0.3535534
-0.3535534 -0.08925796 -0.3535533
-0.3535534 -0.08925796 -0.3535533
-0.3535534 0.09869871 -0.3535534
-0.2777852 0.09869871 -0.4157348
-0.3535534 -0.08925796 -0.3535533
-0.2777852 0.09869871 -0.4157348
-0.2777852 -0.08925796 -0.4157348
-0.2777852 -0.08925796 -0.4157348
-0.2777852 0.09869871 -0.4157348
-0.1913417 0.0986987 -0.4619398
-0.2777852 -0.08925796 -0.4157348
-0.1913417 0.0986987 -0.4619398
-0.1913417 -0.08925797 -0.4619398
0.09754516 0.09869869 -0.4903926
0 0.09869869 -0.5
-0.09754512 0.09869869 -0.4903927
0.09754516 0.09869869 -0.4903926
-0.09754512 0.09869869 -0.4903927
-0.1913417 0.0986987 -0.4619398
0.09754516 0.09869869 -0.4903926
-0.1913417 0.0986987 -0.4619398
-0.2777852 0.09869871 -0.4157348
0.09754516 0.09869869 -0.4903926
-0.2777852 0.09869871 -0.4157348
-0.3535534 0.09869871 -0.3535534
0.09754516 0.09869869 -0.4903926
-0.3535534 0.09869871 -0.3535534
-0.4157349 0.09869873 -0.277785
0.09754516 0.09869869 -0.4903926
-0.4157349 0.09869873 -0.277785
-0.4619397 0.09869874 -0.1913418
0.09754516 0.09869869 -0.4903926
-0.4619397 0.09869874 -0.1913418
-0.4903926 0.09869876 -0.09754521
0.09754516 0.09869869 -0.4903926
-0.4903926 0.09869876 -0.09754521
-0.5 0.09869877 -1.482601E-08
0.09754516 0.09869869 -0.4903926
-0.5 0.09869877 -1.482601E-08
-0.4903926 0.09869879 0.09754518
0.09754516 0.09869869 -0.4903926
-0.4903926 0.09869879 0.09754518
-0.4619398 0.0986988 0.1913418
0.09754516 0.09869869 -0.4903926
-0.4619398 0.0986988 0.1913418
-0.4157347 0.09869882 0.2777852
0.09754516 0.09869869 -0.4903926
-0.4157347 0.09869882 0.2777852
-0.3535534 0.09869883 0.3535534
0.09754516 0.09869869 -0.4903926
-0.3535534 0.09869883 0.3535534
-0.2777852 0.09869884 0.4157348
0.09754516 0.09869869 -0.4903926
-0.2777852 0.09869884 0.4157348
-0.1913417 0.09869885 0.4619398
0.09754516 0.09869869 -0.4903926
-0.1913417 0.09869885 0.4619398
-0.09754512 0.09869885 0.4903927
0.09754516 0.09869869 -0.4903926
-0.09754512 0.09869885 0.4903927
-4.371139E-08 0.09869885 0.5
0.09754516 0.09869869 -0.4903926
-4.371139E-08 0.09869885 0.5
0.09754515 0.09869885 0.4903927
0.09754516 0.09869869 -0.4903926
0.09754515 0.09869885 0.4903927
0.1913417 0.09869885 0.4619398
0.09754516 0.09869869 -0.4903926
0.1913417 0.09869885 0.4619398
0.2777851 0.09869884 0.4157348
0.09754516 0.09869869 -0.4903926
0.2777851 0.09869884 0.4157348
0.3535534 0.09869883 0.3535534
0.09754516 0.09869869 -0.4903926
0.3535534 0.09869883 0.3535534
0.4157348 0.09869882 0.2777851
0.09754516 0.09869869 -0.4903926
0.4157348 0.09869882 0.2777851
0.4619398 0.0986988 0.1913417
0.09754516 0.09869869 -0.4903926
0.4619398 0.0986988 0.1913417
0.4903926 0.09869879 0.09754515
0.09754516 0.09869869 -0.4903926
0.4903926 0.09869879 0.09754515
0.5 0.09869877 1.299212E-08
0.09754516 0.09869869 -0.4903926
0.5 0.09869877 1.299212E-08
0.4903926 0.09869876 -0.09754518
0.09754516 0.09869869 -0.4903926
0.4903926 0.09869876 -0.09754518
0.4619398 0.09869874 -0.1913417
0.09754516 0.09869869 -0.4903926
0.4619398 0.09869874 -0.1913417
0.4157348 0.09869873 -0.2777851
0.09754516 0.09869869 -0.4903926
0.4157348 0.09869873 -0.2777851
0.3535534 0.09869871 -0.3535534
0.09754516 0.09869869 -0.4903926
0.3535534 0.09869871 -0.3535534
0.2777851 0.09869871 -0.4157348
0.09754516 0.09869869 -0.4903926
0.2777851 0.09869871 -0.4157348
0.1913417 0.0986987 -0.4619398
-0.1913417 -0.08925797 -0.4619398
-0.1913417 0.0986987 -0.4619398
-0.09754512 0.09869869 -0.4903927
-0.1913417 -0.08925797 -0.4619398
-0.09754512 0.09869869 -0.4903927
-0.09754512 -0.08925798 -0.4903926
-0.09754512 -0.08925798 -0.4903926
-0.09754512 0.09869869 -0.4903927
0 0.09869869 -0.5
-0.09754512 -0.08925798 -0.4903926
0 0.09869869 -0.5
0 -0.08925798 -0.5
0 -0.08925798 -0.5
0.09754516 -0.08925798 -0.4903926
0.1913417 -0.08925797 -0.4619397
0 -0.08925798 -0.5
0.1913417 -0.08925797 -0.4619397
0.2777851 -0.08925796 -0.4157348
0 -0.08925798 -0.5
0.2777851 -0.08925796 -0.4157348
0.3535534 -0.08925796 -0.3535534
0 -0.08925798 -0.5
0.3535534 -0.08925796 -0.3535534
0.4157348 -0.08925794 -0.2777851
0 -0.08925798 -0.5
0.4157348 -0.08925794 -0.2777851
0.4619398 -0.08925793 -0.1913417
0 -0.08925798 -0.5
0.4619398 -0.08925793 -0.1913417
0.4903926 -0.08925791 -0.09754515
0 -0.08925798 -0.5
0.4903926 -0.08925791 -0.09754515
0.5 -0.0892579 4.361415E-08
0 -0.08925798 -0.5
0.5 -0.0892579 4.361415E-08
0.4903926 -0.08925788 0.09754518
0 -0.08925798 -0.5
0.4903926 -0.08925788 0.09754518
0.4619398 -0.08925787 0.1913417
0 -0.08925798 -0.5
0.4619398 -0.08925787 0.1913417
0.4157348 -0.08925785 0.2777851
0 -0.08925798 -0.5
0.4157348 -0.08925785 0.2777851
0.3535534 -0.08925784 0.3535534
0 -0.08925798 -0.5
0.3535534 -0.08925784 0.3535534
0.2777851 -0.08925783 0.4157349
0 -0.08925798 -0.5
0.2777851 -0.08925783 0.4157349
0.1913417 -0.08925782 0.4619398
0 -0.08925798 -0.5
0.1913417 -0.08925782 0.4619398
0.09754515 -0.08925781 0.4903927
0 -0.08925798 -0.5
0.09754515 -0.08925781 0.4903927
-4.371139E-08 -0.08925781 0.5
0 -0.08925798 -0.5
-4.371139E-08 -0.08925781 0.5
-0.09754512 -0.08925781 0.4903927
0 -0.08925798 -0.5
-0.09754512 -0.08925781 0.4903927
-0.1913417 -0.08925782 0.4619398
0 -0.08925798 -0.5
-0.1913417 -0.08925782 0.4619398
-0.2777852 -0.08925783 0.4157348
0 -0.08925798 -0.5
-0.2777852 -0.08925783 0.4157348
-0.3535534 -0.08925784 0.3535534
0 -0.08925798 -0.5
-0.3535534 -0.08925784 0.3535534
-0.4157347 -0.08925785 0.2777852
0 -0.08925798 -0.5
-0.4157347 -0.08925785 0.2777852
-0.4619398 -0.08925787 0.1913418
0 -0.08925798 -0.5
-0.4619398 -0.08925787 0.1913418
-0.4903926 -0.08925788 0.09754521
0 -0.08925798 -0.5
-0.4903926 -0.08925788 0.09754521
-0.5 -0.0892579 1.579602E-08
0 -0.08925798 -0.5
-0.5 -0.0892579 1.579602E-08
-0.4903926 -0.08925791 -0.09754518
0 -0.08925798 -0.5
-0.4903926 -0.08925791 -0.09754518
-0.4619397 -0.08925793 -0.1913418
0 -0.08925798 -0.5
-0.4619397 -0.08925793 -0.1913418
-0.4157349 -0.08925794 -0.277785
0 -0.08925798 -0.5
-0.4157349 -0.08925794 -0.277785
-0.3535534 -0.08925796 -0.3535533
0 -0.08925798 -0.5
-0.3535534 -0.08925796 -0.3535533
-0.2777852 -0.08925796 -0.4157348
0 -0.08925798 -0.5
-0.2777852 -0.08925796 -0.4157348
-0.1913417 -0.08925797 -0.4619398
0 -0.08925798 -0.5
-0.1913417 -0.08925797 -0.4619398
-0.09754512 -0.08925798 -0.4903926
4.592211E-06 1.810742 -0.01398227
-0.002724181 1.810742 -0.01371352
-0.005348087 1.810742 -0.01291758
4.592211E-06 1.810742 -0.01398227
-0.005348087 1.810742 -0.01291758
-0.007766301 1.810742 -0.01162502
4.592211E-06 1.810742 -0.01398227
-0.007766301 1.810742 -0.01162502
-0.00988587 1.810742 -0.009885523
4.592211E-06 1.810742 -0.01398227
-0.00988587 1.810742 -0.009885523
-0.01162536 1.810742 -0.007765939
4.592211E-06 1.810742 -0.01398227
-0.01162536 1.810742 -0.007765939
-0.01291792 1.810742 -0.005347739
4.592211E-06 1.810742 -0.01398227
-0.01291792 1.810742 -0.005347739
-0.01371387 1.810742 -0.002723829
4.592211E-06 1.810742 -0.01398227
-0.01371387 1.810742 -0.002723829
-0.01398262 1.810742 4.944608E-06
4.592211E-06 1.810742 -0.01398227
-0.01398262 1.810742 4.944608E-06
-0.01371387 1.810742 0.002733719
4.592211E-06 1.810742 -0.01398227
-0.01371387 1.810742 0.002733719
-0.01291792 1.810742 0.005357628
4.592211E-06 1.810742 -0.01398227
-0.01291792 1.810742 0.005357628
-0.01162536 1.810742 0.007775835
4.592211E-06 1.810742 -0.01398227
-0.01162536 1.810742 0.007775835
-0.00988587 1.810742 0.009895404
4.592211E-06 1.810742 -0.01398227
-0.00988587 1.810742 0.009895404
-0.007766301 1.810742 0.01163491
4.592211E-06 1.810742 -0.01398227
-0.007766301 1.810742 0.01163491
-0.005348087 1.810742 0.01292744
4.592211E-06 1.810742 -0.01398227
-0.005348087 1.810742 0.01292744
-0.002724181 1.810742 0.01372342
4.592211E-06 1.810742 -0.01398227
-0.002724181 1.810742 0.01372342
4.590988E-06 1.810742 0.01399217
4.592211E-06 1.810742 -0.01398227
4.590988E-06 1.810742 0.01399217
0.002733365 1.810742 0.01372342
4.592211E-06 1.810742 -0.01398227
0.002733365 1.810742 0.01372342
0.005357273 1.810742 0.01292744
4.592211E-06 1.810742 -0.01398227
0.005357273 1.810742 0.01292744
0.007775471 1.810742 0.01163491
4.592211E-06 1.810742 -0.01398227
0.007775471 1.810742 0.01163491
0.009895053 1.810742 0.009895404
4.592211E-06 1.810742 -0.01398227
0.009895053 1.810742 0.009895404
0.01163453 1.810742 0.007775835
4.592211E-06 1.810742 -0.01398227
0.01163453 1.810742 0.007775835
0.01292709 1.810742 0.005357619
4.592211E-06 1.810742 -0.01398227
0.01292709 1.810742 0.005357619
0.01372306 1.810742 0.002733719
4.592211E-06 1.810742 -0.01398227
0.01372306 1.810742 0.002733719
0.01399182 1.810742 4.945386E-06
4.592211E-06 1.810742 -0.01398227
0.01399182 1.810742 4.945386E-06
0.01372306 1.810742 -0.002723829
4.592211E-06 1.810742 -0.01398227
0.01372306 1.810742 -0.002723829
0.01292709 1.810742 -0.00534773
4.592211E-06 1.810742 -0.01398227
0.01292709 1.810742 -0.00534773
0.01163453 1.810742 -0.007765939
4.592211E-06 1.810742 -0.01398227
0.01163453 1.810742 -0.007765939
0.009895053 1.810742 -0.009885523
4.592211E-06 1.810742 -0.01398227
0.009895053 1.810742 -0.009885523
0.007775486 1.810742 -0.01162502
4.592211E-06 1.810742 -0.01398227
0.007775486 1.810742 -0.01162502
0.005357273 1.810742 -0.01291758
4.592211E-06 1.810742 -0.01398227
0.005357273 1.810742 -0.01291758
0.002733365 1.810742 -0.01371352
-0.1447716 0.07894132 -0.3495159
-0.005348087 1.810742 -0.01291758
-0.002724181 1.810742 -0.01371352
-0.1447716 0.07894132 -0.3495159
-0.002724181 1.810742 -0.01371352
-0.0738017 0.07894132 -0.3710442
-0.2675071 0.07894133 -0.2675066
-0.00988587 1.810742 -0.009885523
-0.007766301 1.810742 -0.01162502
-0.2675071 0.07894133 -0.2675066
-0.007766301 1.810742 -0.01162502
-0.2101781 0.07894132 -0.3145554
-0.3495164 0.07894135 -0.1447712
-0.01291792 1.810742 -0.005347739
-0.01162536 1.810742 -0.007765939
-0.3495164 0.07894135 -0.1447712
-0.01162536 1.810742 -0.007765939
-0.3145559 0.07894135 -0.2101772
-0.3783138 0.07894138 5.23407E-06
-0.01398262 1.810742 4.944608E-06
-0.01371387 1.810742 -0.002723829
-0.3783138 0.07894138 5.23407E-06
-0.01371387 1.810742 -0.002723829
-0.3710446 0.07894137 -0.07380111
-0.3495164 0.0789414 0.1447816
-0.01291792 1.810742 0.005357628
-0.01371387 1.810742 0.002733719
-0.3495164 0.0789414 0.1447816
-0.01371387 1.810742 0.002733719
-0.3710446 0.07894139 0.07381158
-0.2675071 0.07894142 0.2675169
-0.00988587 1.810742 0.009895404
-0.01162536 1.810742 0.007775835
-0.2675071 0.07894142 0.2675169
-0.01162536 1.810742 0.007775835
-0.3145559 0.07894141 0.2101879
4.636811E-06 0.07894132 -0.3783132
4.592211E-06 1.810742 -0.01398227
0.002733365 1.810742 -0.01371352
4.636811E-06 0.07894132 -0.3783132
0.002733365 1.810742 -0.01371352
0.07381096 0.07894132 -0.3710442
0.1447809 0.07894132 -0.3495159
0.005357273 1.810742 -0.01291758
0.007775486 1.810742 -0.01162502
0.1447809 0.07894132 -0.3495159
0.007775486 1.810742 -0.01162502
0.2101874 0.07894132 -0.3145554
0.2675163 0.07894133 -0.2675066
0.009895053 1.810742 -0.009885523
0.01163453 1.810742 -0.007765939
0.2675163 0.07894133 -0.2675066
0.01163453 1.810742 -0.007765939
0.3145647 0.07894135 -0.2101772
0.3495252 0.07894135 -0.1447709
0.01292709 1.810742 -0.00534773
0.01372306 1.810742 -0.002723829
0.3495252 0.07894135 -0.1447709
0.01372306 1.810742 -0.002723829
0.3710543 0.07894137 -0.07380111
0.3783234 0.07894138 5.255119E-06
0.01399182 1.810742 4.945386E-06
0.01372306 1.810742 0.002733719
0.3783234 0.07894138 5.255119E-06
0.01372306 1.810742 0.002733719
0.3710543 0.07894139 0.07381158
0.3495252 0.0789414 0.1447814
0.01292709 1.810742 0.005357619
0.01163453 1.810742 0.007775835
0.3495252 0.0789414 0.1447814
0.01163453 1.810742 0.007775835
0.3145647 0.07894141 0.2101879
0.2675163 0.07894142 0.2675169
0.009895053 1.810742 0.009895404
0.007775471 1.810742 0.01163491
0.2675163 0.07894142 0.2675169
0.007775471 1.810742 0.01163491
0.210187 0.07894143 0.3145661
0.1447809 0.07894143 0.3495257
0.005357273 1.810742 0.01292744
0.002733365 1.810742 0.01372342
0.1447809 0.07894143 0.3495257
0.002733365 1.810742 0.01372342
0.07381096 0.07894143 0.3710549
4.603737E-06 0.07894143 0.3783239
4.590988E-06 1.810742 0.01399217
-0.002724181 1.810742 0.01372342
4.603737E-06 0.07894143 0.3783239
-0.002724181 1.810742 0.01372342
-0.0738017 0.07894143 0.3710549
-0.1447716 0.07894143 0.3495257
-0.005348087 1.810742 0.01292744
-0.007766301 1.810742 0.01163491
-0.1447716 0.07894143 0.3495257
-0.007766301 1.810742 0.01163491
-0.2101781 0.07894143 0.3145661
0.07381096 0.07894132 -0.3710442
0.002733365 1.810742 -0.01371352
0.005357273 1.810742 -0.01291758
0.07381096 0.07894132 -0.3710442
0.005357273 1.810742 -0.01291758
0.1447809 0.07894132 -0.3495159
0.2101874 0.07894132 -0.3145554
0.007775486 1.810742 -0.01162502
0.009895053 1.810742 -0.009885523
0.2101874 0.07894132 -0.3145554
0.009895053 1.810742 -0.009885523
0.2675163 0.07894133 -0.2675066
0.3145647 0.07894135 -0.2101772
0.01163453 1.810742 -0.007765939
0.01292709 1.810742 -0.00534773
0.3145647 0.07894135 -0.2101772
0.01292709 1.810742 -0.00534773
0.3495252 0.07894135 -0.1447709
0.3710543 0.07894137 -0.07380111
0.01372306 1.810742 -0.002723829
0.01399182 1.810742 4.945386E-06
0.3710543 0.07894137 -0.07380111
0.01399182 1.810742 4.945386E-06
0.3783234 0.07894138 5.255119E-06
0.3710543 0.07894139 0.07381158
0.01372306 1.810742 0.002733719
0.01292709 1.810742 0.005357619
0.3710543 0.07894139 0.07381158
0.01292709 1.810742 0.005357619
0.3495252 0.0789414 0.1447814
0.3145647 0.07894141 0.2101879
0.01163453 1.810742 0.007775835
0.009895053 1.810742 0.009895404
0.3145647 0.07894141 0.2101879
0.009895053 1.810742 0.009895404
0.2675163 0.07894142 0.2675169
0.210187 0.07894143 0.3145661
0.007775471 1.810742 0.01163491
0.005357273 1.810742 0.01292744
0.210187 0.07894143 0.3145661
0.005357273 1.810742 0.01292744
0.1447809 0.07894143 0.3495257
0.07381096 0.07894143 0.3710549
0.002733365 1.810742 0.01372342
4.590988E-06 1.810742 0.01399217
0.07381096 0.07894143 0.3710549
4.590988E-06 1.810742 0.01399217
4.603737E-06 0.07894143 0.3783239
-0.0738017 0.07894143 0.3710549
-0.002724181 1.810742 0.01372342
-0.005348087 1.810742 0.01292744
-0.0738017 0.07894143 0.3710549
-0.005348087 1.810742 0.01292744
-0.1447716 0.07894143 0.3495257
-0.2101781 0.07894143 0.3145661
-0.007766301 1.810742 0.01163491
-0.00988587 1.810742 0.009895404
-0.2101781 0.07894143 0.3145661
-0.00988587 1.810742 0.009895404
-0.2675071 0.07894142 0.2675169
-0.0738017 0.07894132 -0.3710442
-0.002724181 1.810742 -0.01371352
4.592211E-06 1.810742 -0.01398227
-0.0738017 0.07894132 -0.3710442
4.592211E-06 1.810742 -0.01398227
4.636811E-06 0.07894132 -0.3783132
-0.1447716 0.07894132 -0.3495159
-0.0738017 0.07894132 -0.3710442
4.636811E-06 0.07894132 -0.3783132
-0.1447716 0.07894132 -0.3495159
4.636811E-06 0.07894132 -0.3783132
0.07381096 0.07894132 -0.3710442
-0.1447716 0.07894132 -0.3495159
0.07381096 0.07894132 -0.3710442
0.1447809 0.07894132 -0.3495159
-0.1447716 0.07894132 -0.3495159
0.1447809 0.07894132 -0.3495159
0.2101874 0.07894132 -0.3145554
-0.1447716 0.07894132 -0.3495159
0.2101874 0.07894132 -0.3145554
0.2675163 0.07894133 -0.2675066
-0.1447716 0.07894132 -0.3495159
0.2675163 0.07894133 -0.2675066
0.3145647 0.07894135 -0.2101772
-0.1447716 0.07894132 -0.3495159
0.3145647 0.07894135 -0.2101772
0.3495252 0.07894135 -0.1447709
-0.1447716 0.07894132 -0.3495159
0.3495252 0.07894135 -0.1447709
0.3710543 0.07894137 -0.07380111
-0.1447716 0.07894132 -0.3495159
0.3710543 0.07894137 -0.07380111
0.3783234 0.07894138 5.255119E-06
-0.1447716 0.07894132 -0.3495159
0.3783234 0.07894138 5.255119E-06
0.3710543 0.07894139 0.07381158
-0.1447716 0.07894132 -0.3495159
0.3710543 0.07894139 0.07381158
0.3495252 0.0789414 0.1447814
-0.1447716 0.07894132 -0.3495159
0.3495252 0.0789414 0.1447814
0.3145647 0.07894141 0.2101879
-0.1447716 0.07894132 -0.3495159
0.3145647 0.07894141 0.2101879
0.2675163 0.07894142 0.2675169
-0.1447716 0.07894132 -0.3495159
0.2675163 0.07894142 0.2675169
0.210187 0.07894143 0.3145661
-0.1447716 0.07894132 -0.3495159
0.210187 0.07894143 0.3145661
0.1447809 0.07894143 0.3495257
-0.1447716 0.07894132 -0.3495159
0.1447809 0.07894143 0.3495257
0.07381096 0.07894143 0.3710549
-0.1447716 0.07894132 -0.3495159
0.07381096 0.07894143 0.3710549
4.603737E-06 0.07894143 0.3783239
-0.1447716 0.07894132 -0.3495159
4.603737E-06 0.07894143 0.3783239
-0.0738017 0.07894143 0.3710549
-0.1447716 0.07894132 -0.3495159
-0.0738017 0.07894143 0.3710549
-0.1447716 0.07894143 0.3495257
-0.1447716 0.07894132 -0.3495159
-0.1447716 0.07894143 0.3495257
-0.2101781 0.07894143 0.3145661
-0.1447716 0.07894132 -0.3495159
-0.2101781 0.07894143 0.3145661
-0.2675071 0.07894142 0.2675169
-0.1447716 0.07894132 -0.3495159
-0.2675071 0.07894142 0.2675169
-0.3145559 0.07894141 0.2101879
-0.1447716 0.07894132 -0.3495159
-0.3145559 0.07894141 0.2101879
-0.3495164 0.0789414 0.1447816
-0.1447716 0.07894132 -0.3495159
-0.3495164 0.0789414 0.1447816
-0.3710446 0.07894139 0.07381158
-0.1447716 0.07894132 -0.3495159
-0.3710446 0.07894139 0.07381158
-0.3783138 0.07894138 5.23407E-06
-0.1447716 0.07894132 -0.3495159
-0.3783138 0.07894138 5.23407E-06
-0.3710446 0.07894137 -0.07380111
-0.1447716 0.07894132 -0.3495159
-0.3710446 0.07894137 -0.07380111
-0.3495164 0.07894135 -0.1447712
-0.1447716 0.07894132 -0.3495159
-0.3495164 0.07894135 -0.1447712
-0.3145559 0.07894135 -0.2101772
-0.1447716 0.07894132 -0.3495159
-0.3145559 0.07894135 -0.2101772
-0.2675071 0.07894133 -0.2675066
-0.1447716 0.07894132 -0.3495159
-0.2675071 0.07894133 -0.2675066
-0.2101781 0.07894132 -0.3145554
-0.2101781 0.07894132 -0.3145554
-0.007766301 1.810742 -0.01162502
-0.005348087 1.810742 -0.01291758
-0.2101781 0.07894132 -0.3145554
-0.005348087 1.810742 -0.01291758
-0.1447716 0.07894132 -0.3495159
-0.3145559 0.07894135 -0.2101772
-0.01162536 1.810742 -0.007765939
-0.00988587 1.810742 -0.009885523
-0.3145559 0.07894135 -0.2101772
-0.00988587 1.810742 -0.009885523
-0.2675071 0.07894133 -0.2675066
-0.3710446 0.07894137 -0.07380111
-0.01371387 1.810742 -0.002723829
-0.01291792 1.810742 -0.005347739
-0.3710446 0.07894137 -0.07380111
-0.01291792 1.810742 -0.005347739
-0.3495164 0.07894135 -0.1447712
-0.3710446 0.07894139 0.07381158
-0.01371387 1.810742 0.002733719
-0.01398262 1.810742 4.944608E-06
-0.3710446 0.07894139 0.07381158
-0.01398262 1.810742 4.944608E-06
-0.3783138 0.07894138 5.23407E-06
-0.3145559 0.07894141 0.2101879
-0.01162536 1.810742 0.007775835
-0.01291792 1.810742 0.005357628
-0.3145559 0.07894141 0.2101879
-0.01291792 1.810742 0.005357628
-0.3495164 0.0789414 0.1447816
6.795227E-06 0.879803 -0.3974414
6.795227E-06 0.9292405 -0.3974414
0.0775438 0.9292405 -0.3898046
6.795227E-06 0.879803 -0.3974414
0.0775438 0.9292405 -0.3898046
0.0775438 0.879803 -0.3898046
0.0775438 0.879803 -0.3898046
0.0775438 0.9292405 -0.3898046
0.152101 0.9292405 -0.3671879
0.0775438 0.879803 -0.3898046
0.152101 0.9292405 -0.3671879
0.152101 0.879803 -0.3671879
0.152101 0.879803 -0.3671879
0.152101 0.9292405 -0.3671879
0.2208134 0.9292405 -0.3304604
0.152101 0.879803 -0.3671879
0.2208134 0.9292405 -0.3304604
0.2208134 0.879803 -0.3304604
0.2208134 0.879803 -0.3304604
0.2208134 0.9292405 -0.3304604
0.2810402 0.9292405 -0.2810334
0.2208134 0.879803 -0.3304604
0.2810402 0.9292405 -0.2810334
0.2810402 0.879803 -0.2810334
0.2810402 0.879803 -0.2810334
0.2810402 0.9292405 -0.2810334
0.3304672 0.9292405 -0.2208066
0.2810402 0.879803 -0.2810334
0.3304672 0.9292405 -0.2208066
0.3304672 0.879803 -0.2208065
0.3304672 0.879803 -0.2208065
0.3304672 0.9292405 -0.2208066
0.3671947 0.9292405 -0.152094
0.3304672 0.879803 -0.2208065
0.3671947 0.9292405 -0.152094
0.3671947 0.879803 -0.152094
0.3671947 0.879803 -0.152094
0.3671947 0.9292405 -0.152094
0.3898115 0.9292405 -0.0775369
0.3671947 0.879803 -0.152094
0.3898115 0.9292405 -0.0775369
0.3898115 0.8798031 -0.0775369
0.3898115 0.8798031 -0.0775369
0.3898115 0.9292405 -0.0775369
0.397448 0.9292406 1.066955E-07
0.3898115 0.8798031 -0.0775369
0.397448 0.9292406 1.066955E-07
0.397448 0.8798031 1.147499E-07
0.397448 0.8798031 1.147499E-07
0.397448 0.9292406 1.066955E-07
0.3898115 0.9292406 0.07753704
0.397448 0.8798031 1.147499E-07
0.3898115 0.9292406 0.07753704
0.3898115 0.8798031 0.07753705
0.3898115 0.8798031 0.07753705
0.3898115 0.9292406 0.07753704
0.3671947 0.9292406 0.1520943
0.3898115 0.8798031 0.07753705
0.3671947 0.9292406 0.1520943
0.3671947 0.8798031 0.1520943
0.3671947 0.8798031 0.1520943
0.3671947 0.9292406 0.1520943
0.3304672 0.9292406 0.2208068
0.3671947 0.8798031 0.1520943
0.3304672 0.9292406 0.2208068
0.3304672 0.8798031 0.2208068
0.3304672 0.8798031 0.2208068
0.3304672 0.9292406 0.2208068
0.2810402 0.9292406 0.2810336
0.3304672 0.8798031 0.2208068
0.2810402 0.9292406 0.2810336
0.2810402 0.8798031 0.2810336
0.2810402 0.8798031 0.2810336
0.2810402 0.9292406 0.2810336
0.2208134 0.9292406 0.3304605
0.2810402 0.8798031 0.2810336
0.2208134 0.9292406 0.3304605
0.2208134 0.8798031 0.3304605
0.2208134 0.8798031 0.3304605
0.2208134 0.9292406 0.3304605
0.152101 0.9292406 0.3671879
0.2208134 0.8798031 0.3304605
0.152101 0.9292406 0.3671879
0.152101 0.8798031 0.3671879
0.152101 0.8798031 0.3671879
0.152101 0.9292406 0.3671879
0.07754371 0.9292406 0.3898044
0.152101 0.8798031 0.3671879
0.07754371 0.9292406 0.3898044
0.07754371 0.8798031 0.3898044
0.07754371 0.8798031 0.3898044
0.07754371 0.9292406 0.3898044
6.760481E-06 0.9292406 0.3974413
0.07754371 0.8798031 0.3898044
6.760481E-06 0.9292406 0.3974413
6.760481E-06 0.8798031 0.3974413
6.760481E-06 0.8798031 0.3974413
6.760481E-06 0.9292406 0.3974413
-0.07753015 0.9292406 0.3898044
6.760481E-06 0.8798031 0.3974413
-0.07753015 0.9292406 0.3898044
-0.07753015 0.8798031 0.3898044
-0.07753015 0.8798031 0.3898044
-0.07753015 0.9292406 0.3898044
-0.1520874 0.9292406 0.3671879
-0.07753015 0.8798031 0.3898044
-0.1520874 0.9292406 0.3671879
-0.1520874 0.8798031 0.3671879
-0.1520874 0.8798031 0.3671879
-0.1520874 0.9292406 0.3671879
-0.2207997 0.9292406 0.3304605
-0.1520874 0.8798031 0.3671879
-0.2207997 0.9292406 0.3304605
-0.2207997 0.8798031 0.3304605
-0.2207997 0.8798031 0.3304605
-0.2207997 0.9292406 0.3304605
-0.2810265 0.9292406 0.2810336
-0.2207997 0.8798031 0.3304605
-0.2810265 0.9292406 0.2810336
-0.2810265 0.8798031 0.2810336
-0.2810265 0.8798031 0.2810336
-0.2810265 0.9292406 0.2810336
-0.3304536 0.9292406 0.2208068
-0.2810265 0.8798031 0.2810336
-0.3304536 0.9292406 0.2208068
-0.3304536 0.8798031 0.2208068
-0.3304536 0.8798031 0.2208068
-0.3304536 0.9292406 0.2208068
-0.367181 0.9292406 0.1520944
-0.3304536 0.8798031 0.2208068
-0.367181 0.9292406 0.1520944
-0.367181 0.8798031 0.1520944
-0.367181 0.8798031 0.1520944
-0.367181 0.9292406 0.1520944
-0.3897977 0.9292406 0.07753704
-0.367181 0.8798031 0.1520944
-0.3897977 0.9292406 0.07753704
-0.3897977 0.8798031 0.07753705
-0.3897977 0.8798031 0.07753705
-0.3897977 0.9292406 0.07753704
-0.3974344 0.9292406 8.458336E-08
-0.3897977 0.8798031 0.07753705
-0.3974344 0.9292406 8.458336E-08
-0.3974344 0.8798031 9.263775E-08
-0.3974344 0.8798031 9.263775E-08
-0.3974344 0.9292406 8.458336E-08
-0.3897977 0.9292405 -0.0775369
-0.3974344 0.8798031 9.263775E-08
-0.3897977 0.9292405 -0.0775369
-0.3897977 0.8798031 -0.0775369
-0.3897977 0.8798031 -0.0775369
-0.3897977 0.9292405 -0.0775369
-0.367181 0.9292405 -0.1520942
-0.3897977 0.8798031 -0.0775369
-0.367181 0.9292405 -0.1520942
-0.367181 0.879803 -0.1520942
-0.367181 0.879803 -0.1520942
-0.367181 0.9292405 -0.1520942
-0.3304536 0.9292405 -0.2208064
-0.367181 0.879803 -0.1520942
-0.3304536 0.9292405 -0.2208064
-0.3304536 0.879803 -0.2208064
-0.3304536 0.879803 -0.2208064
-0.3304536 0.9292405 -0.2208064
-0.2810265 0.9292405 -0.2810332
-0.3304536 0.879803 -0.2208064
-0.2810265 0.9292405 -0.2810332
-0.2810265 0.879803 -0.2810332
-0.2810265 0.879803 -0.2810332
-0.2810265 0.9292405 -0.2810332
-0.2207997 0.9292405 -0.3304604
-0.2810265 0.879803 -0.2810332
-0.2207997 0.9292405 -0.3304604
-0.2207997 0.879803 -0.3304604
-0.2207997 0.879803 -0.3304604
-0.2207997 0.9292405 -0.3304604
-0.1520874 0.9292405 -0.3671879
-0.2207997 0.879803 -0.3304604
-0.1520874 0.9292405 -0.3671879
-0.1520874 0.879803 -0.3671879
0.0775438 0.9292405 -0.3898046
6.795227E-06 0.9292405 -0.3974414
-0.07753015 0.9292405 -0.3898046
0.0775438 0.9292405 -0.3898046
-0.07753015 0.9292405 -0.3898046
-0.1520874 0.9292405 -0.3671879
0.0775438 0.9292405 -0.3898046
-0.1520874 0.9292405 -0.3671879
-0.2207997 0.9292405 -0.3304604
0.0775438 0.9292405 -0.3898046
-0.2207997 0.9292405 -0.3304604
-0.2810265 0.9292405 -0.2810332
0.0775438 0.9292405 -0.3898046
-0.2810265 0.9292405 -0.2810332
-0.3304536 0.9292405 -0.2208064
0.0775438 0.9292405 -0.3898046
-0.3304536 0.9292405 -0.2208064
-0.367181 0.9292405 -0.1520942
0.0775438 0.9292405 -0.3898046
-0.367181 0.9292405 -0.1520942
-0.3897977 0.9292405 -0.0775369
0.0775438 0.9292405 -0.3898046
-0.3897977 0.9292405 -0.0775369
-0.3974344 0.9292406 8.458336E-08
0.0775438 0.9292405 -0.3898046
-0.3974344 0.9292406 8.458336E-08
-0.3897977 0.9292406 0.07753704
0.0775438 0.9292405 -0.3898046
-0.3897977 0.9292406 0.07753704
-0.367181 0.9292406 0.1520944
0.0775438 0.9292405 -0.3898046
-0.367181 0.9292406 0.1520944
-0.3304536 0.9292406 0.2208068
0.0775438 0.9292405 -0.3898046
-0.3304536 0.9292406 0.2208068
-0.2810265 0.9292406 0.2810336
0.0775438 0.9292405 -0.3898046
-0.2810265 0.9292406 0.2810336
-0.2207997 0.9292406 0.3304605
0.0775438 0.9292405 -0.3898046
-0.2207997 0.9292406 0.3304605
-0.1520874 0.9292406 0.3671879
0.0775438 0.9292405 -0.3898046
-0.1520874 0.9292406 0.3671879
-0.07753015 0.9292406 0.3898044
0.0775438 0.9292405 -0.3898046
-0.07753015 0.9292406 0.3898044
6.760481E-06 0.9292406 0.3974413
0.0775438 0.9292405 -0.3898046
6.760481E-06 0.9292406 0.3974413
0.07754371 0.9292406 0.3898044
0.0775438 0.9292405 -0.3898046
0.07754371 0.9292406 0.3898044
0.152101 0.9292406 0.3671879
0.0775438 0.9292405 -0.3898046
0.152101 0.9292406 0.3671879
0.2208134 0.9292406 0.3304605
0.0775438 0.9292405 -0.3898046
0.2208134 0.9292406 0.3304605
0.2810402 0.9292406 0.2810336
0.0775438 0.9292405 -0.3898046
0.2810402 0.9292406 0.2810336
0.3304672 0.9292406 0.2208068
0.0775438 0.9292405 -0.3898046
0.3304672 0.9292406 0.2208068
0.3671947 0.9292406 0.1520943
0.0775438 0.9292405 -0.3898046
0.3671947 0.9292406 0.1520943
0.3898115 0.9292406 0.07753704
0.0775438 0.9292405 -0.3898046
0.3898115 0.9292406 0.07753704
0.397448 0.9292406 1.066955E-07
0.0775438 0.9292405 -0.3898046
0.397448 0.9292406 1.066955E-07
0.3898115 0.9292405 -0.0775369
0.0775438 0.9292405 -0.3898046
0.3898115 0.9292405 -0.0775369
0.3671947 0.9292405 -0.152094
0.0775438 0.9292405 -0.3898046
0.3671947 0.9292405 -0.152094
0.3304672 0.9292405 -0.2208066
0.0775438 0.9292405 -0.3898046
0.3304672 0.9292405 -0.2208066
0.2810402 0.9292405 -0.2810334
0.0775438 0.9292405 -0.3898046
0.2810402 0.9292405 -0.2810334
0.2208134 0.9292405 -0.3304604
0.0775438 0.9292405 -0.3898046
0.2208134 0.9292405 -0.3304604
0.152101 0.9292405 -0.3671879
-0.1520874 0.879803 -0.3671879
-0.1520874 0.9292405 -0.3671879
-0.07753015 0.9292405 -0.3898046
-0.1520874 0.879803 -0.3671879
-0.07753015 0.9292405 -0.3898046
-0.07753015 0.879803 -0.3898046
-0.07753015 0.879803 -0.3898046
-0.07753015 0.9292405 -0.3898046
6.795227E-06 0.9292405 -0.3974414
-0.07753015 0.879803 -0.3898046
6.795227E-06 0.9292405 -0.3974414
6.795227E-06 0.879803 -0.3974414
6.795227E-06 0.879803 -0.3974414
0.0775438 0.879803 -0.3898046
0.152101 0.879803 -0.3671879
6.795227E-06 0.879803 -0.3974414
0.152101 0.879803 -0.3671879
0.2208134 0.879803 -0.3304604
6.795227E-06 0.879803 -0.3974414
0.2208134 0.879803 -0.3304604
0.2810402 0.879803 -0.2810334
6.795227E-06 0.879803 -0.3974414
0.2810402 0.879803 -0.2810334
0.3304672 0.879803 -0.2208065
6.795227E-06 0.879803 -0.3974414
0.3304672 0.879803 -0.2208065
0.3671947 0.879803 -0.152094
6.795227E-06 0.879803 -0.3974414
0.3671947 0.879803 -0.152094
0.3898115 0.8798031 -0.0775369
6.795227E-06 0.879803 -0.3974414
0.3898115 0.8798031 -0.0775369
0.397448 0.8798031 1.147499E-07
6.795227E-06 0.879803 -0.3974414
0.397448 0.8798031 1.147499E-07
0.3898115 0.8798031 0.07753705
6.795227E-06 0.879803 -0.3974414
0.3898115 0.8798031 0.07753705
0.3671947 0.8798031 0.1520943
6.795227E-06 0.879803 -0.3974414
0.3671947 0.8798031 0.1520943
0.3304672 0.8798031 0.2208068
6.795227E-06 0.879803 -0.3974414
0.3304672 0.8798031 0.2208068
0.2810402 0.8798031 0.2810336
6.795227E-06 0.879803 -0.3974414
0.2810402 0.8798031 0.2810336
0.2208134 0.8798031 0.3304605
6.795227E-06 0.879803 -0.3974414
0.2208134 0.8798031 0.3304605
0.152101 0.8798031 0.3671879
6.795227E-06 0.879803 -0.3974414
0.152101 0.8798031 0.3671879
0.07754371 0.8798031 0.3898044
6.795227E-06 0.879803 -0.3974414
0.07754371 0.8798031 0.3898044
6.760481E-06 0.8798031 0.3974413
6.795227E-06 0.879803 -0.3974414
6.760481E-06 0.8798031 0.3974413
-0.07753015 0.8798031 0.3898044
6.795227E-06 0.879803 -0.3974414
-0.07753015 0.8798031 0.3898044
-0.1520874 0.8798031 0.3671879
6.795227E-06 0.879803 -0.3974414
-0.1520874 0.8798031 0.3671879
-0.2207997 0.8798031 0.3304605
6.795227E-06 0.879803 -0.3974414
-0.2207997 0.8798031 0.3304605
-0.2810265 0.8798031 0.2810336
6.795227E-06 0.879803 -0.3974414
-0.2810265 0.8798031 0.2810336
-0.3304536 0.8798031 0.2208068
6.795227E-06 0.879803 -0.3974414
-0.3304536 0.8798031 0.2208068
-0.367181 0.8798031 0.1520944
6.795227E-06 0.879803 -0.3974414
-0.367181 0.8798031 0.1520944
-0.3897977 0.8798031 0.07753705
6.795227E-06 0.879803 -0.3974414
-0.3897977 0.8798031 0.07753705
-0.3974344 0.8798031 9.263775E-08
6.795227E-06 0.879803 -0.3974414
-0.3974344 0.8798031 9.263775E-08
-0.3897977 0.8798031 -0.0775369
6.795227E-06 0.879803 -0.3974414
-0.3897977 0.8798031 -0.0775369
-0.367181 0.879803 -0.1520942
6.795227E-06 0.879803 -0.3974414
-0.367181 0.879803 -0.1520942
-0.3304536 0.879803 -0.2208064
6.795227E-06 0.879803 -0.3974414
-0.3304536 0.879803 -0.2208064
-0.2810265 0.879803 -0.2810332
6.795227E-06 0.879803 -0.3974414
-0.2810265 0.879803 -0.2810332
-0.2207997 0.879803 -0.3304604
6.795227E-06 0.879803 -0.3974414
-0.2207997 0.879803 -0.3304604
-0.1520874 0.879803 -0.3671879
6.795227E-06 0.879803 -0.3974414
-0.1520874 0.879803 -0.3671879
-0.07753015 0.879803 -0.3898046
0.26087 1.550363 -0.1895326
0.1047696 1.523545 -0.3224534
0.0615816 1.66134 -0.189532
0.1992869 1.661339 -3.031624E-07
0.26087 1.550363 -0.1895326
0.0615816 1.66134 -0.189532
0.1992869 1.661339 -3.031624E-07
0.0615816 1.66134 -0.189532
5.650088E-08 1.71235 -3.114731E-07
-0.09964486 1.550363 -0.3066699
-0.2742956 1.523545 -0.1992854
-0.1612257 1.661341 -0.1171363
0.0615816 1.66134 -0.189532
-0.09964486 1.550363 -0.3066699
-0.1612257 1.661341 -0.1171363
0.0615816 1.66134 -0.189532
-0.1612257 1.661341 -0.1171363
5.650088E-08 1.71235 -3.114731E-07
-0.3224524 1.550363 -2.85082E-07
-0.2742956 1.523545 0.1992849
-0.1612257 1.661341 0.1171357
-0.1612257 1.661341 -0.1171363
-0.3224524 1.550363 -2.85082E-07
-0.1612257 1.661341 0.1171357
-0.1612257 1.661341 -0.1171363
-0.1612257 1.661341 0.1171357
5.650088E-08 1.71235 -3.114731E-07
-0.1612257 1.661341 0.1171357
-0.09964486 1.550363 0.3066692
0.0615816 1.661341 0.1895314
-0.1612257 1.661341 0.1171357
0.0615816 1.661341 0.1895314
5.650088E-08 1.71235 -3.114731E-07
0.26087 1.550363 0.1895321
0.3390476 1.523544 -2.807126E-07
0.1992869 1.661339 -3.031624E-07
0.0615816 1.661341 0.1895314
0.26087 1.550363 0.1895321
0.1992869 1.661339 -3.031624E-07
0.0615816 1.661341 0.1895314
0.1992869 1.661339 -3.031624E-07
5.650088E-08 1.71235 -3.114731E-07
0.2228102 1.370795 -0.3066719
0.1047696 1.523545 -0.3224534
0.26087 1.550363 -0.1895326
0.3605146 1.370795 -0.1171368
0.2228102 1.370795 -0.3066719
0.26087 1.550363 -0.1895326
0.3605146 1.370795 -0.1171368
0.26087 1.550363 -0.1895326
0.3390476 1.523544 -2.807126E-07
-0.22281 1.370795 -0.3066719
-0.2742956 1.523545 -0.1992854
-0.09964486 1.550363 -0.3066699
5.650088E-08 1.370795 -0.3790672
-0.22281 1.370795 -0.3066719
-0.09964486 1.550363 -0.3066699
-0.09964486 1.550363 0.3066692
0.1047696 1.523545 0.3224528
0.0615816 1.661341 0.1895314
5.650088E-08 1.370795 -0.3790672
-0.09964486 1.550363 -0.3066699
0.1047696 1.523545 -0.3224534
-0.3605145 1.370795 -0.1171368
-0.3605145 1.370795 0.1171362
-0.3224524 1.550363 -2.85082E-07
-0.3605145 1.370795 -0.1171368
-0.3224524 1.550363 -2.85082E-07
-0.2742956 1.523545 -0.1992854
5.650088E-08 1.370795 0.3790667
0.1047696 1.523545 0.3224528
-0.09964486 1.550363 0.3066692
-0.22281 1.370795 0.3066713
5.650088E-08 1.370795 0.3790667
-0.09964486 1.550363 0.3066692
-0.22281 1.370795 0.3066713
-0.09964486 1.550363 0.3066692
-0.2742956 1.523545 0.1992849
0.09964495 1.191226 -0.3066698
-0.1047695 1.218045 -0.3224533
5.650088E-08 1.370795 -0.3790672
0.2228102 1.370795 -0.3066719
0.09964495 1.191226 -0.3066698
5.650088E-08 1.370795 -0.3790672
0.2228102 1.370795 -0.3066719
5.650088E-08 1.370795 -0.3790672
0.1047696 1.523545 -0.3224534
-0.2608699 1.191227 -0.1895326
-0.3390474 1.218046 -2.309408E-07
-0.3605145 1.370795 -0.1171368
-0.22281 1.370795 -0.3066719
-0.2608699 1.191227 -0.1895326
-0.3605145 1.370795 -0.1171368
-0.3605145 1.370795 0.1171362
-0.2742956 1.523545 0.1992849
-0.3224524 1.550363 -2.85082E-07
-0.22281 1.370795 -0.3066719
-0.3605145 1.370795 -0.1171368
-0.2742956 1.523545 -0.1992854
-0.3605145 1.370795 0.1171362
-0.2608699 1.191227 0.1895321
-0.22281 1.370795 0.3066713
-0.3605145 1.370795 0.1171362
-0.22281 1.370795 0.3066713
-0.2742956 1.523545 0.1992849
0.09964495 1.191227 0.3066693
0.2742957 1.218045 0.1992849
0.2228102 1.370795 0.3066713
5.650088E-08 1.370795 0.3790667
0.09964495 1.191227 0.3066693
0.2228102 1.370795 0.3066713
5.650088E-08 1.370795 0.3790667
0.2228102 1.370795 0.3066713
0.1047696 1.523545 0.3224528
0.3224525 1.191227 -2.265713E-07
0.2742957 1.218045 -0.1992853
0.3605146 1.370795 -0.1171368
0.3605146 1.370795 0.1171362
0.3224525 1.191227 -2.265713E-07
0.3605146 1.370795 -0.1171368
0.3605146 1.370795 0.1171362
0.3605146 1.370795 -0.1171368
0.3390476 1.523544 -2.807126E-07
-0.06158149 1.080249 -0.1895319
-0.1047695 1.218045 -0.3224533
0.09964495 1.191226 -0.3066698
0.1612259 1.080249 -0.1171362
-0.06158149 1.080249 -0.1895319
0.09964495 1.191226 -0.3066698
-0.2608699 1.191227 0.1895321
-0.1047695 1.218045 0.3224528
-0.22281 1.370795 0.3066713
0.1612259 1.080249 -0.1171362
0.09964495 1.191226 -0.3066698
0.2742957 1.218045 -0.1992853
-0.06158149 1.080249 -0.1895319
-0.1992867 1.08025 -2.08491E-07
-0.2608699 1.191227 -0.1895326
-0.06158149 1.080249 -0.1895319
-0.2608699 1.191227 -0.1895326
-0.1047695 1.218045 -0.3224533
-0.06158149 1.080249 0.1895315
-0.1047695 1.218045 0.3224528
-0.2608699 1.191227 0.1895321
-0.1992867 1.08025 -2.08491E-07
-0.06158149 1.080249 0.1895315
-0.2608699 1.191227 0.1895321
-0.1992867 1.08025 -2.08491E-07
-0.2608699 1.191227 0.1895321
-0.3390474 1.218046 -2.309408E-07
0.1612259 1.080249 0.1171358
5.650088E-08 1.02924 -2.001803E-07
0.1612259 1.080249 -0.1171362
0.3224525 1.191227 -2.265713E-07
0.1612259 1.080249 0.1171358
0.1612259 1.080249 -0.1171362
0.3224525 1.191227 -2.265713E-07
0.1612259 1.080249 -0.1171362
0.2742957 1.218045 -0.1992853
0.1612259 1.080249 0.1171358
0.2742957 1.218045 0.1992849
0.09964495 1.191227 0.3066693
-0.06158149 1.080249 0.1895315
0.1612259 1.080249 0.1171358
0.09964495 1.191227 0.3066693
-0.1992867 1.08025 -2.08491E-07
-0.3390474 1.218046 -2.309408E-07
-0.2608699 1.191227 -0.1895326
-0.06158149 1.080249 0.1895315
0.09964495 1.191227 0.3066693
-0.1047695 1.218045 0.3224528
0.2228102 1.370795 0.3066713
0.3605146 1.370795 0.1171362
0.26087 1.550363 0.1895321
0.2228102 1.370795 0.3066713
0.26087 1.550363 0.1895321
0.1047696 1.523545 0.3224528
0.3390476 1.523544 -2.807126E-07
0.26087 1.550363 -0.1895326
0.1992869 1.661339 -3.031624E-07
0.1047696 1.523545 -0.3224534
-0.09964486 1.550363 -0.3066699
0.0615816 1.66134 -0.189532
-0.2742956 1.523545 -0.1992854
-0.3224524 1.550363 -2.85082E-07
-0.1612257 1.661341 -0.1171363
-0.2742956 1.523545 0.1992849
-0.09964486 1.550363 0.3066692
-0.1612257 1.661341 0.1171357
0.1047696 1.523545 0.3224528
0.26087 1.550363 0.1895321
0.0615816 1.661341 0.1895314
0.2742957 1.218045 -0.1992853
0.2228102 1.370795 -0.3066719
0.3605146 1.370795 -0.1171368
-0.1047695 1.218045 -0.3224533
-0.22281 1.370795 -0.3066719
5.650088E-08 1.370795 -0.3790672
-0.3390474 1.218046 -2.309408E-07
-0.3605145 1.370795 0.1171362
-0.3605145 1.370795 -0.1171368
0.3605146 1.370795 0.1171362
0.3390476 1.523544 -2.807126E-07
0.26087 1.550363 0.1895321
-0.1047695 1.218045 0.3224528
5.650088E-08 1.370795 0.3790667
-0.22281 1.370795 0.3066713
0.2742957 1.218045 -0.1992853
0.09964495 1.191226 -0.3066698
0.2228102 1.370795 -0.3066719
-0.1047695 1.218045 -0.3224533
-0.2608699 1.191227 -0.1895326
-0.22281 1.370795 -0.3066719
-0.3390474 1.218046 -2.309408E-07
-0.2608699 1.191227 0.1895321
-0.3605145 1.370795 0.1171362
-0.1047695 1.218045 0.3224528
0.09964495 1.191227 0.3066693
5.650088E-08 1.370795 0.3790667
0.2742957 1.218045 0.1992849
0.3224525 1.191227 -2.265713E-07
0.3605146 1.370795 0.1171362
5.650088E-08 1.02924 -2.001803E-07
-0.06158149 1.080249 -0.1895319
0.1612259 1.080249 -0.1171362
5.650088E-08 1.02924 -2.001803E-07
-0.1992867 1.08025 -2.08491E-07
-0.06158149 1.080249 -0.1895319
5.650088E-08 1.02924 -2.001803E-07
-0.06158149 1.080249 0.1895315
-0.1992867 1.08025 -2.08491E-07
0.2742957 1.218045 0.1992849
0.1612259 1.080249 0.1171358
0.3224525 1.191227 -2.265713E-07
5.650088E-08 1.02924 -2.001803E-07
0.1612259 1.080249 0.1171358
-0.06158149 1.080249 0.1895315
0.2742957 1.218045 0.1992849
0.3605146 1.370795 0.1171362
0.2228102 1.370795 0.3066713