-5.087111 5.06134 -5.1
-5.087111 5.061339 5.1
-5.087111 7.061341 5.1
-5.087111 5.06134 -5.1
-5.087111 7.061341 5.1
-5.087111 7.061341 -5.099999
-5.087111 7.061341 -5.099999
-5.087111 7.061341 5.1
5.112889 7.061341 5.1
-5.087111 7.061341 -5.099999
5.112889 7.061341 5.1
5.112889 7.061341 -5.099999
5.112889 7.061341 -5.099999
5.112889 7.061341 5.1
5.112889 5.061339 5.1
5.112889 7.061341 -5.099999
5.112889 5.061339 5.1
5.112889 5.06134 -5.1
5.112889 5.06134 -5.1
5.112889 5.061339 5.1
-5.087111 5.061339 5.1
5.112889 5.06134 -5.1
-5.087111 5.061339 5.1
-5.087111 5.06134 -5.1
-5.087111 7.061341 -5.099999
5.112889 7.061341 -5.099999
5.112889 5.06134 -5.1
-5.087111 7.061341 -5.099999
5.112889 5.06134 -5.1
-5.087111 5.06134 -5.1
5.112889 7.061341 5.1
-5.087111 7.061341 5.1
-5.087111 5.061339 5.1
5.112889 7.061341 5.1
-5.087111 5.061339 5.1
5.112889 5.061339 5.1
-4.987112 0.06133863 5.000001
-4.987112 16.06134 5
-4.987112 16.06134 2.999999
-4.987112 0.06133863 5.000001
-4.987112 16.06134 2.999999
-4.987112 0.06133872 3
-4.987112 0.06133872 3
-4.987112 16.06134 2.999999
-2.98711 16.06134 2.999999
-4.987112 0.06133872 3
-2.98711 16.06134 2.999999
-2.98711 0.06133872 3
-2.98711 0.06133872 3
-2.98711 16.06134 2.999999
-2.98711 16.06134 5
-2.98711 0.06133872 3
-2.98711 16.06134 5
-2.98711 0.06133863 5.000001
-2.98711 0.06133863 5.000001
-2.98711 16.06134 5
-4.987112 16.06134 5
-2.98711 0.06133863 5.000001
-4.987112 16.06134 5
-4.987112 0.06133863 5.000001
-4.987112 0.06133872 3
-2.98711 0.06133872 3
-2.98711 0.06133863 5.000001
-4.987112 0.06133872 3
-2.98711 0.06133863 5.000001
-4.987112 0.06133863 5.000001
-2.98711 16.06134 2.999999
-4.987112 16.06134 2.999999
-4.987112 16.06134 5
-2.98711 16.06134 2.999999
-4.987112 16.06134 5
-2.98711 16.06134 5
-4.987112 0.06133898 -2.999999
-4.987112 16.06134 -2.999999
-4.987112 16.06134 -5.000001
-4.987112 0.06133898 -2.999999
-4.987112 16.06134 -5.000001
-4.987112 0.06133907 -5
-4.987112 0.06133907 -5
-4.987112 16.06134 -5.000001
-2.98711 16.06134 -5.000001
-4.987112 0.06133907 -5
-2.98711 16.06134 -5.000001
-2.98711 0.06133907 -5
-2.98711 0.06133907 -5
-2.98711 16.06134 -5.000001
-2.98711 16.06134 -2.999999
-2.98711 0.06133907 -5
-2.98711 16.06134 -2.999999
-2.98711 0.06133898 -2.999999
-2.98711 0.06133898 -2.999999
-2.98711 16.06134 -2.999999
-4.987112 16.06134 -2.999999
-2.98711 0.06133898 -2.999999
-4.987112 16.06134 -2.999999
-4.987112 0.06133898 -2.999999
-4.987112 0.06133907 -5
-2.98711 0.06133907 -5
-2.98711 0.06133898 -2.999999
-4.987112 0.06133907 -5
-2.98711 0.06133898 -2.999999
-4.987112 0.06133898 -2.999999
-2.98711 16.06134 -5.000001
-4.987112 16.06134 -5.000001
-4.987112 16.06134 -2.999999
-2.98711 16.06134 -5.000001
-4.987112 16.06134 -2.999999
-2.98711 16.06134 -2.999999
-4.987112 13.06134 -3.000001
-4.987112 13.06134 3.000001
-4.987112 15.06134 3.000001
-4.987112 13.06134 -3.000001
-4.987112 15.06134 3.000001
-4.987112 15.06134 -3.000001
-4.987112 15.06134 -3.000001
-4.987112 15.06134 3.000001
-2.98711 15.06134 3.000001
-4.987112 15.06134 -3.000001
-2.98711 15.06134 3.000001
-2.98711 15.06134 -3.000001
-2.98711 15.06134 -3.000001
-2.98711 15.06134 3.000001
-2.98711 13.06134 3.000001
-2.98711 15.06134 -3.000001
-2.98711 13.06134 3.000001
-2.98711 13.06134 -3.000001
-2.98711 13.06134 -3.000001
-2.98711 13.06134 3.000001
-4.987112 13.06134 3.000001
-2.98711 13.06134 -3.000001
-4.987112 13.06134 3.000001
-4.987112 13.06134 -3.000001
-4.987112 15.06134 -3.000001
-2.98711 15.06134 -3.000001
-2.98711 13.06134 -3.000001
-4.987112 15.06134 -3.000001
-2.98711 13.06134 -3.000001
-4.987112 13.06134 -3.000001
-2.98711 15.06134 3.000001
-4.987112 15.06134 3.000001
-4.987112 13.06134 3.000001
-2.98711 15.06134 3.000001
-4.987112 13.06134 3.000001
-2.98711 13.06134 3.000001
-4.987112 10.06134 -3.000001
-4.987112 10.06134 3.000001
-4.987112 12.06134 3.000001
-4.987112 10.06134 -3.000001
-4.987112 12.06134 3.000001
-4.987112 12.06134 -3.000001
-4.987112 12.06134 -3.000001
-4.987112 12.06134 3.000001
-2.98711 12.06134 3.000001
-4.987112 12.06134 -3.000001
-2.98711 12.06134 3.000001
-2.98711 12.06134 -3.000001
-2.98711 12.06134 -3.000001
-2.98711 12.06134 3.000001
-2.98711 10.06134 3.000001
-2.98711 12.06134 -3.000001
-2.98711 10.06134 3.000001
-2.98711 10.06134 -3.000001
-2.98711 10.06134 -3.000001
-2.98711 10.06134 3.000001
-4.987112 10.06134 3.000001
-2.98711 10.06134 -3.000001
-4.987112 10.06134 3.000001
-4.987112 10.06134 -3.000001
-4.987112 12.06134 -3.000001
-2.98711 12.06134 -3.000001
-2.98711 10.06134 -3.000001
-4.987112 12.06134 -3.000001
-2.98711 10.06134 -3.000001
-4.987112 10.06134 -3.000001
-2.98711 12.06134 3.000001
-4.987112 12.06134 3.000001
-4.987112 10.06134 3.000001
-2.98711 12.06134 3.000001
-4.987112 10.06134 3.000001
-2.98711 10.06134 3.000001
3.012887 0.06133863 5
3.012887 6.061342 5
3.012887 6.061343 2.999999
3.012887 0.06133863 5
3.012887 6.061343 2.999999
3.012887 0.06133872 2.999999
3.012887 0.06133872 2.999999
3.012887 6.061343 2.999999
5.012888 6.061343 2.999999
3.012887 0.06133872 2.999999
5.012888 6.061343 2.999999
5.012888 0.06133872 2.999999
5.012888 0.06133872 2.999999
5.012888 6.061343 2.999999
5.012888 6.061342 5
5.012888 0.06133872 2.999999
5.012888 6.061342 5
5.012888 0.06133863 5
5.012888 0.06133863 5
5.012888 6.061342 5
3.012887 6.061342 5
5.012888 0.06133863 5
3.012887 6.061342 5
3.012887 0.06133863 5
3.012887 0.06133872 2.999999
5.012888 0.06133872 2.999999
5.012888 0.06133863 5
3.012887 0.06133872 2.999999
5.012888 0.06133863 5
3.012887 0.06133863 5
5.012888 6.061343 2.999999
3.012887 6.061343 2.999999
3.012887 6.061342 5
5.012888 6.061343 2.999999
3.012887 6.061342 5
5.012888 6.061342 5
3.012887 0.06133898 -3
3.012887 6.061342 -3
3.012887 6.061342 -5.000001
3.012887 0.06133898 -3
3.012887 6.061342 -5.000001
3.012887 0.06133907 -5.000001
3.012887 0.06133907 -5.000001
3.012887 6.061342 -5.000001
5.012888 6.061342 -5.000001
3.012887 0.06133907 -5.000001
5.012888 6.061342 -5.000001
5.012888 0.06133907 -5.000001
5.012888 0.06133907 -5.000001
5.012888 6.061342 -5.000001
5.012888 6.061342 -3
5.012888 0.06133907 -5.000001
5.012888 6.061342 -3
5.012888 0.06133898 -3
5.012888 0.06133898 -3
5.012888 6.061342 -3
3.012887 6.061342 -3
5.012888 0.06133898 -3
3.012887 6.061342 -3
3.012887 0.06133898 -3
3.012887 0.06133907 -5.000001
5.012888 0.06133907 -5.000001
5.012888 0.06133898 -3
3.012887 0.06133907 -5.000001
5.012888 0.06133898 -3
3.012887 0.06133898 -3
5.012888 6.061342 -5.000001
3.012887 6.061342 -5.000001
3.012887 6.061342 -3
5.012888 6.061342 -5.000001
3.012887 6.061342 -3
5.012888 6.061342 -3