0 43.47582 -36.7355
0 66.4808 -1.082098E-05
7.166739 43.47582 -36.02963
7.166739 43.47582 -36.02963
0 66.4808 -1.082098E-05
14.05806 43.47582 -33.93917
14.05806 43.47582 -33.93917
0 66.4808 -1.082098E-05
20.40915 43.47582 -30.54445
20.40915 43.47582 -30.54445
0 66.4808 -1.082098E-05
25.97591 43.47583 -25.97592
25.97591 43.47583 -25.97592
0 66.4808 -1.082098E-05
30.54444 43.47583 -20.40915
30.54444 43.47583 -20.40915
0 66.4808 -1.082098E-05
33.93917 43.47583 -14.05807
33.93917 43.47583 -14.05807
0 66.4808 -1.082098E-05
36.02962 43.47583 -7.166747
36.02962 43.47583 -7.166747
0 66.4808 -1.082098E-05
36.73549 43.47583 -5.467235E-06
36.73549 43.47583 -5.467235E-06
0 66.4808 -1.082098E-05
36.02962 43.47583 7.166731
36.02962 43.47583 7.166731
0 66.4808 -1.082098E-05
33.93917 43.47583 14.05805
33.93917 43.47583 14.05805
0 66.4808 -1.082098E-05
30.54445 43.47583 20.40914
30.54445 43.47583 20.40914
0 66.4808 -1.082098E-05
25.97591 43.47583 25.97591
25.97591 43.47583 25.97591
0 66.4808 -1.082098E-05
20.40914 43.47583 30.54444
20.40914 43.47583 30.54444
0 66.4808 -1.082098E-05
14.05807 43.47583 33.93916
14.05807 43.47583 33.93916
0 66.4808 -1.082098E-05
7.166738 43.47583 36.02962
7.166738 43.47583 36.02962
0 66.4808 -1.082098E-05
-3.211518E-06 43.47583 36.73548
-3.211518E-06 43.47583 36.73548
0 66.4808 -1.082098E-05
-7.166736 43.47583 36.02962
-7.166736 43.47583 36.02962
0 66.4808 -1.082098E-05
-14.05806 43.47583 33.93916
-14.05806 43.47583 33.93916
0 66.4808 -1.082098E-05
-20.40915 43.47583 30.54443
-20.40915 43.47583 30.54443
0 66.4808 -1.082098E-05
-25.97591 43.47583 25.97591
-25.97591 43.47583 25.97591
0 66.4808 -1.082098E-05
-30.54444 43.47583 20.40914
-30.54444 43.47583 20.40914
0 66.4808 -1.082098E-05
-33.93917 43.47583 14.05806
-33.93917 43.47583 14.05806
0 66.4808 -1.082098E-05
-36.02962 43.47583 7.166734
-36.02962 43.47583 7.166734
0 66.4808 -1.082098E-05
-36.73549 43.47583 -7.51106E-06
-36.73549 43.47583 -7.51106E-06
0 66.4808 -1.082098E-05
-36.02962 43.47583 -7.166749
-36.02962 43.47583 -7.166749
0 66.4808 -1.082098E-05
-33.93916 43.47583 -14.05808
-33.93916 43.47583 -14.05808
0 66.4808 -1.082098E-05
-30.54445 43.47583 -20.40915
-30.54445 43.47583 -20.40915
0 66.4808 -1.082098E-05
-25.97592 43.47583 -25.97592
-25.97592 43.47583 -25.97592
0 66.4808 -1.082098E-05
-20.40915 43.47582 -30.54445
-20.40915 43.47582 -30.54445
0 66.4808 -1.082098E-05
-14.05806 43.47582 -33.93917
0 43.47582 -36.7355
7.166739 43.47582 -36.02963
14.05806 43.47582 -33.93917
0 43.47582 -36.7355
14.05806 43.47582 -33.93917
20.40915 43.47582 -30.54445
0 43.47582 -36.7355
20.40915 43.47582 -30.54445
25.97591 43.47583 -25.97592
0 43.47582 -36.7355
25.97591 43.47583 -25.97592
30.54444 43.47583 -20.40915
0 43.47582 -36.7355
30.54444 43.47583 -20.40915
33.93917 43.47583 -14.05807
0 43.47582 -36.7355
33.93917 43.47583 -14.05807
36.02962 43.47583 -7.166747
0 43.47582 -36.7355
36.02962 43.47583 -7.166747
36.73549 43.47583 -5.467235E-06
0 43.47582 -36.7355
36.73549 43.47583 -5.467235E-06
36.02962 43.47583 7.166731
0 43.47582 -36.7355
36.02962 43.47583 7.166731
33.93917 43.47583 14.05805
0 43.47582 -36.7355
33.93917 43.47583 14.05805
30.54445 43.47583 20.40914
0 43.47582 -36.7355
30.54445 43.47583 20.40914
25.97591 43.47583 25.97591
0 43.47582 -36.7355
25.97591 43.47583 25.97591
20.40914 43.47583 30.54444
0 43.47582 -36.7355
20.40914 43.47583 30.54444
14.05807 43.47583 33.93916
0 43.47582 -36.7355
14.05807 43.47583 33.93916
7.166738 43.47583 36.02962
0 43.47582 -36.7355
7.166738 43.47583 36.02962
-3.211518E-06 43.47583 36.73548
0 43.47582 -36.7355
-3.211518E-06 43.47583 36.73548
-7.166736 43.47583 36.02962
0 43.47582 -36.7355
-7.166736 43.47583 36.02962
-14.05806 43.47583 33.93916
0 43.47582 -36.7355
-14.05806 43.47583 33.93916
-20.40915 43.47583 30.54443
0 43.47582 -36.7355
-20.40915 43.47583 30.54443
-25.97591 43.47583 25.97591
0 43.47582 -36.7355
-25.97591 43.47583 25.97591
-30.54444 43.47583 20.40914
0 43.47582 -36.7355
-30.54444 43.47583 20.40914
-33.93917 43.47583 14.05806
0 43.47582 -36.7355
-33.93917 43.47583 14.05806
-36.02962 43.47583 7.166734
0 43.47582 -36.7355
-36.02962 43.47583 7.166734
-36.73549 43.47583 -7.51106E-06
0 43.47582 -36.7355
-36.73549 43.47583 -7.51106E-06
-36.02962 43.47583 -7.166749
0 43.47582 -36.7355
-36.02962 43.47583 -7.166749
-33.93916 43.47583 -14.05808
0 43.47582 -36.7355
-33.93916 43.47583 -14.05808
-30.54445 43.47583 -20.40915
0 43.47582 -36.7355
-30.54445 43.47583 -20.40915
-25.97592 43.47583 -25.97592
0 43.47582 -36.7355
-25.97592 43.47583 -25.97592
-20.40915 43.47582 -30.54445
0 43.47582 -36.7355
-20.40915 43.47582 -30.54445
-14.05806 43.47582 -33.93917
0 43.47582 -36.7355
-14.05806 43.47582 -33.93917
-7.166735 43.47582 -36.02964
-14.05806 43.47582 -33.93917
0 66.4808 -1.082098E-05
-7.166735 43.47582 -36.02964
-7.166735 43.47582 -36.02964
0 66.4808 -1.082098E-05
0 43.47582 -36.7355
-20.2081 43.71439 -25.65611
-24.8314 43.71439 -25.65611
-24.8314 43.71439 -20.35689
-20.2081 43.71439 -25.65611
-24.8314 43.71439 -20.35689
-20.2081 43.71439 -20.35689
-20.2081 0.1182748 -20.35688
-20.2081 43.71439 -20.35689
-24.8314 43.71439 -20.35689
-20.2081 0.1182748 -20.35688
-24.8314 43.71439 -20.35689
-24.8314 0.1182748 -20.35688
-24.8314 0.1182748 -20.35688
-24.8314 43.71439 -20.35689
-24.8314 43.71439 -25.65611
-24.8314 0.1182748 -20.35688
-24.8314 43.71439 -25.65611
-24.8314 0.118274 -25.6561
-24.8314 0.118274 -25.6561
-20.2081 0.118274 -25.6561
-20.2081 0.1182748 -20.35688
-24.8314 0.118274 -25.6561
-20.2081 0.1182748 -20.35688
-24.8314 0.1182748 -20.35688
-20.2081 0.118274 -25.6561
-20.2081 43.71439 -25.65611
-20.2081 43.71439 -20.35689
-20.2081 0.118274 -25.6561
-20.2081 43.71439 -20.35689
-20.2081 0.1182748 -20.35688
-24.8314 0.118274 -25.6561
-24.8314 43.71439 -25.65611
-20.2081 43.71439 -25.65611
-24.8314 0.118274 -25.6561
-20.2081 43.71439 -25.65611
-20.2081 0.118274 -25.6561
-20.2081 43.71439 20.47211
-24.8314 43.71439 20.47211
-24.8314 43.71439 25.45262
-20.2081 43.71439 20.47211
-24.8314 43.71439 25.45262
-20.2081 43.71439 25.45262
-20.2081 0.1182823 25.45262
-20.2081 43.71439 25.45262
-24.8314 43.71439 25.45262
-20.2081 0.1182823 25.45262
-24.8314 43.71439 25.45262
-24.8314 0.1182823 25.45262
-24.8314 0.1182823 25.45262
-24.8314 43.71439 25.45262
-24.8314 43.71439 20.47211
-24.8314 0.1182823 25.45262
-24.8314 43.71439 20.47211
-24.8314 0.1182815 20.47211
-24.8314 0.1182815 20.47211
-20.2081 0.1182815 20.47211
-20.2081 0.1182823 25.45262
-24.8314 0.1182815 20.47211
-20.2081 0.1182823 25.45262
-24.8314 0.1182823 25.45262
-20.2081 0.1182815 20.47211
-20.2081 43.71439 20.47211
-20.2081 43.71439 25.45262
-20.2081 0.1182815 20.47211
-20.2081 43.71439 25.45262
-20.2081 0.1182823 25.45262
-24.8314 0.1182815 20.47211
-24.8314 43.71439 20.47211
-20.2081 43.71439 20.47211
-24.8314 0.1182815 20.47211
-20.2081 43.71439 20.47211
-20.2081 0.1182815 20.47211
25.37011 43.71439 20.47211
20.37366 43.71439 20.47211
20.37366 43.71439 25.45262
25.37011 43.71439 20.47211
20.37366 43.71439 25.45262
25.37011 43.71439 25.45262
25.37011 0.1182823 25.45262
25.37011 43.71439 25.45262
20.37366 43.71439 25.45262
25.37011 0.1182823 25.45262
20.37366 43.71439 25.45262
20.37366 0.1182823 25.45262
20.37366 0.1182823 25.45262
20.37366 43.71439 25.45262
20.37366 43.71439 20.47211
20.37366 0.1182823 25.45262
20.37366 43.71439 20.47211
20.37366 0.1182815 20.47211
20.37366 0.1182815 20.47211
25.37011 0.1182815 20.47211
25.37011 0.1182823 25.45262
20.37366 0.1182815 20.47211
25.37011 0.1182823 25.45262
20.37366 0.1182823 25.45262
25.37011 0.1182815 20.47211
25.37011 43.71439 20.47211
25.37011 43.71439 25.45262
25.37011 0.1182815 20.47211
25.37011 43.71439 25.45262
25.37011 0.1182823 25.45262
20.37366 0.1182815 20.47211
20.37366 43.71439 20.47211
25.37011 43.71439 20.47211
20.37366 0.1182815 20.47211
25.37011 43.71439 20.47211
25.37011 0.1182815 20.47211
25.37011 43.71439 -25.65611
20.37366 43.71439 -25.65611
20.37366 43.71439 -20.35689
25.37011 43.71439 -25.65611
20.37366 43.71439 -20.35689
25.37011 43.71439 -20.35689
25.37011 0.1182748 -20.35688
25.37011 43.71439 -20.35689
20.37366 43.71439 -20.35689
25.37011 0.1182748 -20.35688
20.37366 43.71439 -20.35689
20.37366 0.1182748 -20.35688
20.37366 0.1182748 -20.35688
20.37366 43.71439 -20.35689
20.37366 43.71439 -25.65611
20.37366 0.1182748 -20.35688
20.37366 43.71439 -25.65611
20.37366 0.118274 -25.6561
20.37366 0.118274 -25.6561
25.37011 0.118274 -25.6561
25.37011 0.1182748 -20.35688
20.37366 0.118274 -25.6561
25.37011 0.1182748 -20.35688
20.37366 0.1182748 -20.35688
25.37011 0.118274 -25.6561
25.37011 43.71439 -25.65611
25.37011 43.71439 -20.35689
25.37011 0.118274 -25.6561
25.37011 43.71439 -20.35689
25.37011 0.1182748 -20.35688
20.37366 0.118274 -25.6561
20.37366 43.71439 -25.65611
25.37011 43.71439 -25.65611
20.37366 0.118274 -25.6561
25.37011 43.71439 -25.65611
25.37011 0.118274 -25.6561