0 -0.07148318 -0.5
0 0.09145791 -0.5
0.09754516 0.09145791 -0.4903926
0 -0.07148318 -0.5
0.09754516 0.09145791 -0.4903926
0.09754516 -0.07148318 -0.4903926
0.09754516 -0.07148318 -0.4903926
0.09754516 0.09145791 -0.4903926
0.1913417 0.09145792 -0.4619398
0.09754516 -0.07148318 -0.4903926
0.1913417 0.09145792 -0.4619398
0.1913417 -0.07148317 -0.4619397
0.1913417 -0.07148317 -0.4619397
0.1913417 0.09145792 -0.4619398
0.2777851 0.09145793 -0.4157348
0.1913417 -0.07148317 -0.4619397
0.2777851 0.09145793 -0.4157348
0.2777851 -0.07148317 -0.4157348
0.2777851 -0.07148317 -0.4157348
0.2777851 0.09145793 -0.4157348
0.3535534 0.09145793 -0.3535534
0.2777851 -0.07148317 -0.4157348
0.3535534 0.09145793 -0.3535534
0.3535534 -0.07148316 -0.3535534
0.3535534 -0.07148316 -0.3535534
0.3535534 0.09145793 -0.3535534
0.4157348 0.09145795 -0.2777851
0.3535534 -0.07148316 -0.3535534
0.4157348 0.09145795 -0.2777851
0.4157348 -0.07148314 -0.2777851
0.4157348 -0.07148314 -0.2777851
0.4157348 0.09145795 -0.2777851
0.4619398 0.09145796 -0.1913417
0.4157348 -0.07148314 -0.2777851
0.4619398 0.09145796 -0.1913417
0.4619398 -0.07148313 -0.1913417
0.4619398 -0.07148313 -0.1913417
0.4619398 0.09145796 -0.1913417
0.4903926 0.09145798 -0.09754518
0.4619398 -0.07148313 -0.1913417
0.4903926 0.09145798 -0.09754518
0.4903926 -0.07148311 -0.09754515
0.4903926 -0.07148311 -0.09754515
0.4903926 0.09145798 -0.09754518
0.5 0.09145799 1.41718E-08
0.4903926 -0.07148311 -0.09754515
0.5 0.09145799 1.41718E-08
0.5 -0.0714831 4.071827E-08
0.5 -0.0714831 4.071827E-08
0.5 0.09145799 1.41718E-08
0.4903926 0.09145801 0.09754515
0.5 -0.0714831 4.071827E-08
0.4903926 0.09145801 0.09754515
0.4903926 -0.07148308 0.09754518
0.4903926 -0.07148308 0.09754518
0.4903926 0.09145801 0.09754515
0.4619398 0.09145802 0.1913417
0.4903926 -0.07148308 0.09754518
0.4619398 0.09145802 0.1913417
0.4619398 -0.07148307 0.1913417
0.4619398 -0.07148307 0.1913417
0.4619398 0.09145802 0.1913417
0.4157348 0.09145804 0.2777851
0.4619398 -0.07148307 0.1913417
0.4157348 0.09145804 0.2777851
0.4157348 -0.07148305 0.2777851
0.4157348 -0.07148305 0.2777851
0.4157348 0.09145804 0.2777851
0.3535534 0.09145805 0.3535534
0.4157348 -0.07148305 0.2777851
0.3535534 0.09145805 0.3535534
0.3535534 -0.07148305 0.3535534
0.3535534 -0.07148305 0.3535534
0.3535534 0.09145805 0.3535534
0.2777851 0.09145806 0.4157348
0.3535534 -0.07148305 0.3535534
0.2777851 0.09145806 0.4157348
0.2777851 -0.07148303 0.4157349
0.2777851 -0.07148303 0.4157349
0.2777851 0.09145806 0.4157348
0.1913417 0.09145807 0.4619398
0.2777851 -0.07148303 0.4157349
0.1913417 0.09145807 0.4619398
0.1913417 -0.07148302 0.4619398
0.1913417 -0.07148302 0.4619398
0.1913417 0.09145807 0.4619398
0.09754515 0.09145807 0.4903927
0.1913417 -0.07148302 0.4619398
0.09754515 0.09145807 0.4903927
0.09754515 -0.07148302 0.4903927
0.09754515 -0.07148302 0.4903927
0.09754515 0.09145807 0.4903927
-4.371139E-08 0.09145807 0.5
0.09754515 -0.07148302 0.4903927
-4.371139E-08 0.09145807 0.5
-4.371139E-08 -0.07148302 0.5
-4.371139E-08 -0.07148302 0.5
-4.371139E-08 0.09145807 0.5
-0.09754512 0.09145807 0.4903927
-4.371139E-08 -0.07148302 0.5
-0.09754512 0.09145807 0.4903927
-0.09754512 -0.07148302 0.4903927
-0.09754512 -0.07148302 0.4903927
-0.09754512 0.09145807 0.4903927
-0.1913417 0.09145807 0.4619398
-0.09754512 -0.07148302 0.4903927
-0.1913417 0.09145807 0.4619398
-0.1913417 -0.07148302 0.4619398
-0.1913417 -0.07148302 0.4619398
-0.1913417 0.09145807 0.4619398
-0.2777852 0.09145806 0.4157348
-0.1913417 -0.07148302 0.4619398
-0.2777852 0.09145806 0.4157348
-0.2777852 -0.07148303 0.4157348
-0.2777852 -0.07148303 0.4157348
-0.2777852 0.09145806 0.4157348
-0.3535534 0.09145805 0.3535534
-0.2777852 -0.07148303 0.4157348
-0.3535534 0.09145805 0.3535534
-0.3535534 -0.07148305 0.3535534
-0.3535534 -0.07148305 0.3535534
-0.3535534 0.09145805 0.3535534
-0.4157347 0.09145804 0.2777852
-0.3535534 -0.07148305 0.3535534
-0.4157347 0.09145804 0.2777852
-0.4157347 -0.07148305 0.2777852
-0.4157347 -0.07148305 0.2777852
-0.4157347 0.09145804 0.2777852
-0.4619398 0.09145802 0.1913418
-0.4157347 -0.07148305 0.2777852
-0.4619398 0.09145802 0.1913418
-0.4619398 -0.07148307 0.1913418
-0.4619398 -0.07148307 0.1913418
-0.4619398 0.09145802 0.1913418
-0.4903926 0.09145801 0.09754518
-0.4619398 -0.07148307 0.1913418
-0.4903926 0.09145801 0.09754518
-0.4903926 -0.07148308 0.09754521
-0.4903926 -0.07148308 0.09754521
-0.4903926 0.09145801 0.09754518
-0.5 0.09145799 -1.364634E-08
-0.4903926 -0.07148308 0.09754521
-0.5 0.09145799 -1.364634E-08
-0.5 -0.0714831 1.290014E-08
-0.5 -0.0714831 1.290014E-08
-0.5 0.09145799 -1.364634E-08
-0.4903926 0.09145798 -0.09754521
-0.5 -0.0714831 1.290014E-08
-0.4903926 0.09145798 -0.09754521
-0.4903926 -0.07148311 -0.09754518
-0.4903926 -0.07148311 -0.09754518
-0.4903926 0.09145798 -0.09754521
-0.4619397 0.09145796 -0.1913418
-0.4903926 -0.07148311 -0.09754518
-0.4619397 0.09145796 -0.1913418
-0.4619397 -0.07148313 -0.1913418
-0.4619397 -0.07148313 -0.1913418
-0.4619397 0.09145796 -0.1913418
-0.4157349 0.09145795 -0.277785
-0.4619397 -0.07148313 -0.1913418
-0.4157349 0.09145795 -0.277785
-0.4157349 -0.07148314 -0.277785
-0.4157349 -0.07148314 -0.277785
-0.4157349 0.09145795 -0.277785
-0.3535534 0.09145793 -0.3535534
-0.4157349 -0.07148314 -0.277785
-0.3535534 0.09145793 -0.3535534
-0.3535534 -0.07148316 -0.3535533
-0.3535534 -0.07148316 -0.3535533
-0.3535534 0.09145793 -0.3535534
-0.2777852 0.09145793 -0.4157348
-0.3535534 -0.07148316 -0.3535533
-0.2777852 0.09145793 -0.4157348
-0.2777852 -0.07148317 -0.4157348
-0.2777852 -0.07148317 -0.4157348
-0.2777852 0.09145793 -0.4157348
-0.1913417 0.09145792 -0.4619398
-0.2777852 -0.07148317 -0.4157348
-0.1913417 0.09145792 -0.4619398
-0.1913417 -0.07148317 -0.4619398
0.09754516 0.09145791 -0.4903926
0 0.09145791 -0.5
-0.09754512 0.09145791 -0.4903927
0.09754516 0.09145791 -0.4903926
-0.09754512 0.09145791 -0.4903927
-0.1913417 0.09145792 -0.4619398
0.09754516 0.09145791 -0.4903926
-0.1913417 0.09145792 -0.4619398
-0.2777852 0.09145793 -0.4157348
0.09754516 0.09145791 -0.4903926
-0.2777852 0.09145793 -0.4157348
-0.3535534 0.09145793 -0.3535534
0.09754516 0.09145791 -0.4903926
-0.3535534 0.09145793 -0.3535534
-0.4157349 0.09145795 -0.277785
0.09754516 0.09145791 -0.4903926
-0.4157349 0.09145795 -0.277785
-0.4619397 0.09145796 -0.1913418
0.09754516 0.09145791 -0.4903926
-0.4619397 0.09145796 -0.1913418
-0.4903926 0.09145798 -0.09754521
0.09754516 0.09145791 -0.4903926
-0.4903926 0.09145798 -0.09754521
-0.5 0.09145799 -1.364634E-08
0.09754516 0.09145791 -0.4903926
-0.5 0.09145799 -1.364634E-08
-0.4903926 0.09145801 0.09754518
0.09754516 0.09145791 -0.4903926
-0.4903926 0.09145801 0.09754518
-0.4619398 0.09145802 0.1913418
0.09754516 0.09145791 -0.4903926
-0.4619398 0.09145802 0.1913418
-0.4157347 0.09145804 0.2777852
0.09754516 0.09145791 -0.4903926
-0.4157347 0.09145804 0.2777852
-0.3535534 0.09145805 0.3535534
0.09754516 0.09145791 -0.4903926
-0.3535534 0.09145805 0.3535534
-0.2777852 0.09145806 0.4157348
0.09754516 0.09145791 -0.4903926
-0.2777852 0.09145806 0.4157348
-0.1913417 0.09145807 0.4619398
0.09754516 0.09145791 -0.4903926
-0.1913417 0.09145807 0.4619398
-0.09754512 0.09145807 0.4903927
0.09754516 0.09145791 -0.4903926
-0.09754512 0.09145807 0.4903927
-4.371139E-08 0.09145807 0.5
0.09754516 0.09145791 -0.4903926
-4.371139E-08 0.09145807 0.5
0.09754515 0.09145807 0.4903927
0.09754516 0.09145791 -0.4903926
0.09754515 0.09145807 0.4903927
0.1913417 0.09145807 0.4619398
0.09754516 0.09145791 -0.4903926
0.1913417 0.09145807 0.4619398
0.2777851 0.09145806 0.4157348
0.09754516 0.09145791 -0.4903926
0.2777851 0.09145806 0.4157348
0.3535534 0.09145805 0.3535534
0.09754516 0.09145791 -0.4903926
0.3535534 0.09145805 0.3535534
0.4157348 0.09145804 0.2777851
0.09754516 0.09145791 -0.4903926
0.4157348 0.09145804 0.2777851
0.4619398 0.09145802 0.1913417
0.09754516 0.09145791 -0.4903926
0.4619398 0.09145802 0.1913417
0.4903926 0.09145801 0.09754515
0.09754516 0.09145791 -0.4903926
0.4903926 0.09145801 0.09754515
0.5 0.09145799 1.41718E-08
0.09754516 0.09145791 -0.4903926
0.5 0.09145799 1.41718E-08
0.4903926 0.09145798 -0.09754518
0.09754516 0.09145791 -0.4903926
0.4903926 0.09145798 -0.09754518
0.4619398 0.09145796 -0.1913417
0.09754516 0.09145791 -0.4903926
0.4619398 0.09145796 -0.1913417
0.4157348 0.09145795 -0.2777851
0.09754516 0.09145791 -0.4903926
0.4157348 0.09145795 -0.2777851
0.3535534 0.09145793 -0.3535534
0.09754516 0.09145791 -0.4903926
0.3535534 0.09145793 -0.3535534
0.2777851 0.09145793 -0.4157348
0.09754516 0.09145791 -0.4903926
0.2777851 0.09145793 -0.4157348
0.1913417 0.09145792 -0.4619398
-0.1913417 -0.07148317 -0.4619398
-0.1913417 0.09145792 -0.4619398
-0.09754512 0.09145791 -0.4903927
-0.1913417 -0.07148317 -0.4619398
-0.09754512 0.09145791 -0.4903927
-0.09754512 -0.07148318 -0.4903926
-0.09754512 -0.07148318 -0.4903926
-0.09754512 0.09145791 -0.4903927
0 0.09145791 -0.5
-0.09754512 -0.07148318 -0.4903926
0 0.09145791 -0.5
0 -0.07148318 -0.5
0 -0.07148318 -0.5
0.09754516 -0.07148318 -0.4903926
0.1913417 -0.07148317 -0.4619397
0 -0.07148318 -0.5
0.1913417 -0.07148317 -0.4619397
0.2777851 -0.07148317 -0.4157348
0 -0.07148318 -0.5
0.2777851 -0.07148317 -0.4157348
0.3535534 -0.07148316 -0.3535534
0 -0.07148318 -0.5
0.3535534 -0.07148316 -0.3535534
0.4157348 -0.07148314 -0.2777851
0 -0.07148318 -0.5
0.4157348 -0.07148314 -0.2777851
0.4619398 -0.07148313 -0.1913417
0 -0.07148318 -0.5
0.4619398 -0.07148313 -0.1913417
0.4903926 -0.07148311 -0.09754515
0 -0.07148318 -0.5
0.4903926 -0.07148311 -0.09754515
0.5 -0.0714831 4.071827E-08
0 -0.07148318 -0.5
0.5 -0.0714831 4.071827E-08
0.4903926 -0.07148308 0.09754518
0 -0.07148318 -0.5
0.4903926 -0.07148308 0.09754518
0.4619398 -0.07148307 0.1913417
0 -0.07148318 -0.5
0.4619398 -0.07148307 0.1913417
0.4157348 -0.07148305 0.2777851
0 -0.07148318 -0.5
0.4157348 -0.07148305 0.2777851
0.3535534 -0.07148305 0.3535534
0 -0.07148318 -0.5
0.3535534 -0.07148305 0.3535534
0.2777851 -0.07148303 0.4157349
0 -0.07148318 -0.5
0.2777851 -0.07148303 0.4157349
0.1913417 -0.07148302 0.4619398
0 -0.07148318 -0.5
0.1913417 -0.07148302 0.4619398
0.09754515 -0.07148302 0.4903927
0 -0.07148318 -0.5
0.09754515 -0.07148302 0.4903927
-4.371139E-08 -0.07148302 0.5
0 -0.07148318 -0.5
-4.371139E-08 -0.07148302 0.5
-0.09754512 -0.07148302 0.4903927
0 -0.07148318 -0.5
-0.09754512 -0.07148302 0.4903927
-0.1913417 -0.07148302 0.4619398
0 -0.07148318 -0.5
-0.1913417 -0.07148302 0.4619398
-0.2777852 -0.07148303 0.4157348
0 -0.07148318 -0.5
-0.2777852 -0.07148303 0.4157348
-0.3535534 -0.07148305 0.3535534
0 -0.07148318 -0.5
-0.3535534 -0.07148305 0.3535534
-0.4157347 -0.07148305 0.2777852
0 -0.07148318 -0.5
-0.4157347 -0.07148305 0.2777852
-0.4619398 -0.07148307 0.1913418
0 -0.07148318 -0.5
-0.4619398 -0.07148307 0.1913418
-0.4903926 -0.07148308 0.09754521
0 -0.07148318 -0.5
-0.4903926 -0.07148308 0.09754521
-0.5 -0.0714831 1.290014E-08
0 -0.07148318 -0.5
-0.5 -0.0714831 1.290014E-08
-0.4903926 -0.07148311 -0.09754518
0 -0.07148318 -0.5
-0.4903926 -0.07148311 -0.09754518
-0.4619397 -0.07148313 -0.1913418
0 -0.07148318 -0.5
-0.4619397 -0.07148313 -0.1913418
-0.4157349 -0.07148314 -0.277785
0 -0.07148318 -0.5
-0.4157349 -0.07148314 -0.277785
-0.3535534 -0.07148316 -0.3535533
0 -0.07148318 -0.5
-0.3535534 -0.07148316 -0.3535533
-0.2777852 -0.07148317 -0.4157348
0 -0.07148318 -0.5
-0.2777852 -0.07148317 -0.4157348
-0.1913417 -0.07148317 -0.4619398
0 -0.07148318 -0.5
-0.1913417 -0.07148317 -0.4619398
-0.09754512 -0.07148318 -0.4903926
4.615711E-06 1.575642 -0.1178249
-0.02298287 1.575642 -0.1155609
-0.04508696 1.575642 -0.1088558
4.615711E-06 1.575642 -0.1178249
-0.04508696 1.575642 -0.1088558
-0.06545825 1.575642 -0.0979671
4.615711E-06 1.575642 -0.1178249
-0.06545825 1.575642 -0.0979671
-0.08331376 1.575642 -0.08331341
4.615711E-06 1.575642 -0.1178249
-0.08331376 1.575642 -0.08331341
-0.09796742 1.575642 -0.06545781
4.615711E-06 1.575642 -0.1178249
-0.09796742 1.575642 -0.06545781
-0.1088561 1.575642 -0.04508662
4.615711E-06 1.575642 -0.1178249
-0.1088561 1.575642 -0.04508662
-0.1155612 1.575642 -0.02298251
4.615711E-06 1.575642 -0.1178249
-0.1155612 1.575642 -0.02298251
-0.1178253 1.575642 4.983237E-06
4.615711E-06 1.575642 -0.1178249
-0.1178253 1.575642 4.983237E-06
-0.1155612 1.575642 0.02299248
4.615711E-06 1.575642 -0.1178249
-0.1155612 1.575642 0.02299248
-0.1088561 1.575642 0.04509658
4.615711E-06 1.575642 -0.1178249
-0.1088561 1.575642 0.04509658
-0.09796742 1.575642 0.06546783
4.615711E-06 1.575642 -0.1178249
-0.09796742 1.575642 0.06546783
-0.08331376 1.575642 0.08332332
4.615711E-06 1.575642 -0.1178249
-0.08331376 1.575642 0.08332332
-0.06545825 1.575642 0.09797712
4.615711E-06 1.575642 -0.1178249
-0.06545825 1.575642 0.09797712
-0.04508696 1.575642 0.1088656
4.615711E-06 1.575642 -0.1178249
-0.04508696 1.575642 0.1088656
-0.02298287 1.575642 0.115571
4.615711E-06 1.575642 -0.1178249
-0.02298287 1.575642 0.115571
4.60541E-06 1.575642 0.1178349
4.615711E-06 1.575642 -0.1178249
4.60541E-06 1.575642 0.1178349
0.0229921 1.575642 0.115571
4.615711E-06 1.575642 -0.1178249
0.0229921 1.575642 0.115571
0.0450962 1.575642 0.1088656
4.615711E-06 1.575642 -0.1178249
0.0450962 1.575642 0.1088656
0.06546737 1.575642 0.09797712
4.615711E-06 1.575642 -0.1178249
0.06546737 1.575642 0.09797712
0.08332296 1.575642 0.08332332
4.615711E-06 1.575642 -0.1178249
0.08332296 1.575642 0.08332332
0.09797651 1.575642 0.06546783
4.615711E-06 1.575642 -0.1178249
0.09797651 1.575642 0.06546783
0.1088652 1.575642 0.04509651
4.615711E-06 1.575642 -0.1178249
0.1088652 1.575642 0.04509651
0.1155705 1.575642 0.02299248
4.615711E-06 1.575642 -0.1178249
0.1155705 1.575642 0.02299248
0.1178346 1.575642 4.989792E-06
4.615711E-06 1.575642 -0.1178249
0.1178346 1.575642 4.989792E-06
0.1155705 1.575642 -0.02298251
4.615711E-06 1.575642 -0.1178249
0.1155705 1.575642 -0.02298251
0.1088652 1.575642 -0.04508655
4.615711E-06 1.575642 -0.1178249
0.1088652 1.575642 -0.04508655
0.09797651 1.575642 -0.06545781
4.615711E-06 1.575642 -0.1178249
0.09797651 1.575642 -0.06545781
0.08332296 1.575642 -0.08331341
4.615711E-06 1.575642 -0.1178249
0.08332296 1.575642 -0.08331341
0.06546749 1.575642 -0.0979671
4.615711E-06 1.575642 -0.1178249
0.06546749 1.575642 -0.0979671
0.0450962 1.575642 -0.1088558
4.615711E-06 1.575642 -0.1178249
0.0450962 1.575642 -0.1088558
0.0229921 1.575642 -0.1155609
-0.1447716 0.0743301 -0.3495159
-0.04508696 1.575642 -0.1088558
-0.02298287 1.575642 -0.1155609
-0.1447716 0.0743301 -0.3495159
-0.02298287 1.575642 -0.1155609
-0.0738017 0.07433009 -0.3710442
-0.2675071 0.07433011 -0.2675066
-0.08331376 1.575642 -0.08331341
-0.06545825 1.575642 -0.0979671
-0.2675071 0.07433011 -0.2675066
-0.06545825 1.575642 -0.0979671
-0.2101781 0.07433011 -0.3145554
-0.3495164 0.07433013 -0.1447712
-0.1088561 1.575642 -0.04508662
-0.09796742 1.575642 -0.06545781
-0.3495164 0.07433013 -0.1447712
-0.09796742 1.575642 -0.06545781
-0.3145559 0.07433012 -0.2101772
-0.3783138 0.07433015 5.234821E-06
-0.1178253 1.575642 4.983237E-06
-0.1155612 1.575642 -0.02298251
-0.3783138 0.07433015 5.234821E-06
-0.1155612 1.575642 -0.02298251
-0.3710446 0.07433014 -0.07380111
-0.3495164 0.07433018 0.1447816
-0.1088561 1.575642 0.04509658
-0.1155612 1.575642 0.02299248
-0.3495164 0.07433018 0.1447816
-0.1155612 1.575642 0.02299248
-0.3710446 0.07433017 0.07381158
-0.2675071 0.0743302 0.2675169
-0.08331376 1.575642 0.08332332
-0.09796742 1.575642 0.06546783
-0.2675071 0.0743302 0.2675169
-0.09796742 1.575642 0.06546783
-0.3145559 0.07433019 0.2101879
4.636811E-06 0.07433009 -0.3783132
4.615711E-06 1.575642 -0.1178249
0.0229921 1.575642 -0.1155609
4.636811E-06 0.07433009 -0.3783132
0.0229921 1.575642 -0.1155609
0.07381096 0.07433009 -0.3710442
0.1447809 0.0743301 -0.3495159
0.0450962 1.575642 -0.1088558
0.06546749 1.575642 -0.0979671
0.1447809 0.0743301 -0.3495159
0.06546749 1.575642 -0.0979671
0.2101874 0.07433011 -0.3145554
0.2675163 0.07433011 -0.2675066
0.08332296 1.575642 -0.08331341
0.09797651 1.575642 -0.06545781
0.2675163 0.07433011 -0.2675066
0.09797651 1.575642 -0.06545781
0.3145647 0.07433012 -0.2101772
0.3495252 0.07433013 -0.1447709
0.1088652 1.575642 -0.04508655
0.1155705 1.575642 -0.02298251
0.3495252 0.07433013 -0.1447709
0.1155705 1.575642 -0.02298251
0.3710543 0.07433014 -0.07380111
0.3783234 0.07433015 5.25587E-06
0.1178346 1.575642 4.989792E-06
0.1155705 1.575642 0.02299248
0.3783234 0.07433015 5.25587E-06
0.1155705 1.575642 0.02299248
0.3710543 0.07433017 0.07381158
0.3495252 0.07433018 0.1447814
0.1088652 1.575642 0.04509651
0.09797651 1.575642 0.06546783
0.3495252 0.07433018 0.1447814
0.09797651 1.575642 0.06546783
0.3145647 0.07433019 0.2101879
0.2675163 0.0743302 0.2675169
0.08332296 1.575642 0.08332332
0.06546737 1.575642 0.09797712
0.2675163 0.0743302 0.2675169
0.06546737 1.575642 0.09797712
0.210187 0.0743302 0.3145661
0.1447809 0.07433021 0.3495257
0.0450962 1.575642 0.1088656
0.0229921 1.575642 0.115571
0.1447809 0.07433021 0.3495257
0.0229921 1.575642 0.115571
0.07381096 0.07433022 0.3710549
4.603737E-06 0.07433022 0.3783239
4.60541E-06 1.575642 0.1178349
-0.02298287 1.575642 0.115571
4.603737E-06 0.07433022 0.3783239
-0.02298287 1.575642 0.115571
-0.0738017 0.07433022 0.3710549
-0.1447716 0.07433021 0.3495257
-0.04508696 1.575642 0.1088656
-0.06545825 1.575642 0.09797712
-0.1447716 0.07433021 0.3495257
-0.06545825 1.575642 0.09797712
-0.2101781 0.0743302 0.3145661
0.07381096 0.07433009 -0.3710442
0.0229921 1.575642 -0.1155609
0.0450962 1.575642 -0.1088558
0.07381096 0.07433009 -0.3710442
0.0450962 1.575642 -0.1088558
0.1447809 0.0743301 -0.3495159
0.2101874 0.07433011 -0.3145554
0.06546749 1.575642 -0.0979671
0.08332296 1.575642 -0.08331341
0.2101874 0.07433011 -0.3145554
0.08332296 1.575642 -0.08331341
0.2675163 0.07433011 -0.2675066
0.3145647 0.07433012 -0.2101772
0.09797651 1.575642 -0.06545781
0.1088652 1.575642 -0.04508655
0.3145647 0.07433012 -0.2101772
0.1088652 1.575642 -0.04508655
0.3495252 0.07433013 -0.1447709
0.3710543 0.07433014 -0.07380111
0.1155705 1.575642 -0.02298251
0.1178346 1.575642 4.989792E-06
0.3710543 0.07433014 -0.07380111
0.1178346 1.575642 4.989792E-06
0.3783234 0.07433015 5.25587E-06
0.3710543 0.07433017 0.07381158
0.1155705 1.575642 0.02299248
0.1088652 1.575642 0.04509651
0.3710543 0.07433017 0.07381158
0.1088652 1.575642 0.04509651
0.3495252 0.07433018 0.1447814
0.3145647 0.07433019 0.2101879
0.09797651 1.575642 0.06546783
0.08332296 1.575642 0.08332332
0.3145647 0.07433019 0.2101879
0.08332296 1.575642 0.08332332
0.2675163 0.0743302 0.2675169
0.210187 0.0743302 0.3145661
0.06546737 1.575642 0.09797712
0.0450962 1.575642 0.1088656
0.210187 0.0743302 0.3145661
0.0450962 1.575642 0.1088656
0.1447809 0.07433021 0.3495257
0.07381096 0.07433022 0.3710549
0.0229921 1.575642 0.115571
4.60541E-06 1.575642 0.1178349
0.07381096 0.07433022 0.3710549
4.60541E-06 1.575642 0.1178349
4.603737E-06 0.07433022 0.3783239
-0.0738017 0.07433022 0.3710549
-0.02298287 1.575642 0.115571
-0.04508696 1.575642 0.1088656
-0.0738017 0.07433022 0.3710549
-0.04508696 1.575642 0.1088656
-0.1447716 0.07433021 0.3495257
-0.2101781 0.0743302 0.3145661
-0.06545825 1.575642 0.09797712
-0.08331376 1.575642 0.08332332
-0.2101781 0.0743302 0.3145661
-0.08331376 1.575642 0.08332332
-0.2675071 0.0743302 0.2675169
-0.0738017 0.07433009 -0.3710442
-0.02298287 1.575642 -0.1155609
4.615711E-06 1.575642 -0.1178249
-0.0738017 0.07433009 -0.3710442
4.615711E-06 1.575642 -0.1178249
4.636811E-06 0.07433009 -0.3783132
-0.1447716 0.0743301 -0.3495159
-0.0738017 0.07433009 -0.3710442
4.636811E-06 0.07433009 -0.3783132
-0.1447716 0.0743301 -0.3495159
4.636811E-06 0.07433009 -0.3783132
0.07381096 0.07433009 -0.3710442
-0.1447716 0.0743301 -0.3495159
0.07381096 0.07433009 -0.3710442
0.1447809 0.0743301 -0.3495159
-0.1447716 0.0743301 -0.3495159
0.1447809 0.0743301 -0.3495159
0.2101874 0.07433011 -0.3145554
-0.1447716 0.0743301 -0.3495159
0.2101874 0.07433011 -0.3145554
0.2675163 0.07433011 -0.2675066
-0.1447716 0.0743301 -0.3495159
0.2675163 0.07433011 -0.2675066
0.3145647 0.07433012 -0.2101772
-0.1447716 0.0743301 -0.3495159
0.3145647 0.07433012 -0.2101772
0.3495252 0.07433013 -0.1447709
-0.1447716 0.0743301 -0.3495159
0.3495252 0.07433013 -0.1447709
0.3710543 0.07433014 -0.07380111
-0.1447716 0.0743301 -0.3495159
0.3710543 0.07433014 -0.07380111
0.3783234 0.07433015 5.25587E-06
-0.1447716 0.0743301 -0.3495159
0.3783234 0.07433015 5.25587E-06
0.3710543 0.07433017 0.07381158
-0.1447716 0.0743301 -0.3495159
0.3710543 0.07433017 0.07381158
0.3495252 0.07433018 0.1447814
-0.1447716 0.0743301 -0.3495159
0.3495252 0.07433018 0.1447814
0.3145647 0.07433019 0.2101879
-0.1447716 0.0743301 -0.3495159
0.3145647 0.07433019 0.2101879
0.2675163 0.0743302 0.2675169
-0.1447716 0.0743301 -0.3495159
0.2675163 0.0743302 0.2675169
0.210187 0.0743302 0.3145661
-0.1447716 0.0743301 -0.3495159
0.210187 0.0743302 0.3145661
0.1447809 0.07433021 0.3495257
-0.1447716 0.0743301 -0.3495159
0.1447809 0.07433021 0.3495257
0.07381096 0.07433022 0.3710549
-0.1447716 0.0743301 -0.3495159
0.07381096 0.07433022 0.3710549
4.603737E-06 0.07433022 0.3783239
-0.1447716 0.0743301 -0.3495159
4.603737E-06 0.07433022 0.3783239
-0.0738017 0.07433022 0.3710549
-0.1447716 0.0743301 -0.3495159
-0.0738017 0.07433022 0.3710549
-0.1447716 0.07433021 0.3495257
-0.1447716 0.0743301 -0.3495159
-0.1447716 0.07433021 0.3495257
-0.2101781 0.0743302 0.3145661
-0.1447716 0.0743301 -0.3495159
-0.2101781 0.0743302 0.3145661
-0.2675071 0.0743302 0.2675169
-0.1447716 0.0743301 -0.3495159
-0.2675071 0.0743302 0.2675169
-0.3145559 0.07433019 0.2101879
-0.1447716 0.0743301 -0.3495159
-0.3145559 0.07433019 0.2101879
-0.3495164 0.07433018 0.1447816
-0.1447716 0.0743301 -0.3495159
-0.3495164 0.07433018 0.1447816
-0.3710446 0.07433017 0.07381158
-0.1447716 0.0743301 -0.3495159
-0.3710446 0.07433017 0.07381158
-0.3783138 0.07433015 5.234821E-06
-0.1447716 0.0743301 -0.3495159
-0.3783138 0.07433015 5.234821E-06
-0.3710446 0.07433014 -0.07380111
-0.1447716 0.0743301 -0.3495159
-0.3710446 0.07433014 -0.07380111
-0.3495164 0.07433013 -0.1447712
-0.1447716 0.0743301 -0.3495159
-0.3495164 0.07433013 -0.1447712
-0.3145559 0.07433012 -0.2101772
-0.1447716 0.0743301 -0.3495159
-0.3145559 0.07433012 -0.2101772
-0.2675071 0.07433011 -0.2675066
-0.1447716 0.0743301 -0.3495159
-0.2675071 0.07433011 -0.2675066
-0.2101781 0.07433011 -0.3145554
-0.2101781 0.07433011 -0.3145554
-0.06545825 1.575642 -0.0979671
-0.04508696 1.575642 -0.1088558
-0.2101781 0.07433011 -0.3145554
-0.04508696 1.575642 -0.1088558
-0.1447716 0.0743301 -0.3495159
-0.3145559 0.07433012 -0.2101772
-0.09796742 1.575642 -0.06545781
-0.08331376 1.575642 -0.08331341
-0.3145559 0.07433012 -0.2101772
-0.08331376 1.575642 -0.08331341
-0.2675071 0.07433011 -0.2675066
-0.3710446 0.07433014 -0.07380111
-0.1155612 1.575642 -0.02298251
-0.1088561 1.575642 -0.04508662
-0.3710446 0.07433014 -0.07380111
-0.1088561 1.575642 -0.04508662
-0.3495164 0.07433013 -0.1447712
-0.3710446 0.07433017 0.07381158
-0.1155612 1.575642 0.02299248
-0.1178253 1.575642 4.983237E-06
-0.3710446 0.07433017 0.07381158
-0.1178253 1.575642 4.983237E-06
-0.3783138 0.07433015 5.234821E-06
-0.3145559 0.07433019 0.2101879
-0.09796742 1.575642 0.06546783
-0.1088561 1.575642 0.04509658
-0.3145559 0.07433019 0.2101879
-0.1088561 1.575642 0.04509658
-0.3495164 0.07433018 0.1447816
0.07327592 2.028517 -0.07327639
-0.07327615 2.028517 -0.07327639
-0.07327615 2.028517 0.07327574
0.07327592 2.028517 -0.07327639
-0.07327615 2.028517 0.07327574
0.07327592 2.028517 0.07327574
-0.07327615 1.544332 -0.07327631
0.07327592 1.544332 -0.07327631
0.07327592 1.544332 0.07327582
-0.07327615 1.544332 -0.07327631
0.07327592 1.544332 0.07327582
-0.07327615 1.544332 0.07327582
0.07327592 1.544332 0.07327582
0.07327592 2.028517 0.07327574
-0.07327615 2.028517 0.07327574
0.07327592 1.544332 0.07327582
-0.07327615 2.028517 0.07327574
-0.07327615 1.544332 0.07327582
0.07327592 1.544332 -0.07327631
0.07327592 2.028517 -0.07327639
0.07327592 2.028517 0.07327574
0.07327592 1.544332 -0.07327631
0.07327592 2.028517 0.07327574
0.07327592 1.544332 0.07327582
-0.07327615 1.544332 -0.07327631
-0.07327615 2.028517 -0.07327639
0.07327592 2.028517 -0.07327639
-0.07327615 1.544332 -0.07327631
0.07327592 2.028517 -0.07327639
0.07327592 1.544332 -0.07327631
-0.07327615 1.544332 0.07327582
-0.07327615 2.028517 0.07327574
-0.07327615 2.028517 -0.07327639
-0.07327615 1.544332 0.07327582
-0.07327615 2.028517 -0.07327639
-0.07327615 1.544332 -0.07327631
-0.267547 1.781673 0.2675468
-0.267547 1.897866 0.2675468
-0.267547 1.897866 -0.2675474
-0.267547 1.781673 0.2675468
-0.267547 1.897866 -0.2675474
-0.267547 1.781673 -0.2675473
-0.267547 1.781673 -0.2675473
-0.267547 1.897866 -0.2675474
0.2675471 1.897866 -0.2675474
-0.267547 1.781673 -0.2675473
0.2675471 1.897866 -0.2675474
0.2675471 1.781673 -0.2675473
0.2675471 1.781673 -0.2675473
0.2675471 1.897866 -0.2675474
0.2675471 1.897866 0.2675468
0.2675471 1.781673 -0.2675473
0.2675471 1.897866 0.2675468
0.2675471 1.781673 0.2675468
0.2675471 1.781673 0.2675468
0.2675471 1.897866 0.2675468
-0.267547 1.897866 0.2675468
0.2675471 1.781673 0.2675468
-0.267547 1.897866 0.2675468
-0.267547 1.781673 0.2675468
-0.267547 1.781673 -0.2675473
0.2675471 1.781673 -0.2675473
0.2675471 1.781673 0.2675468
-0.267547 1.781673 -0.2675473
0.2675471 1.781673 0.2675468
-0.267547 1.781673 0.2675468
0.2675471 1.897866 -0.2675474
-0.267547 1.897866 -0.2675474
-0.267547 1.897866 0.2675468
0.2675471 1.897866 -0.2675474
-0.267547 1.897866 0.2675468
0.2675471 1.897866 0.2675468
-1.072835E-08 1.30768 -1.217935E-08
0.09395517 1.340671 0.06826159
-0.03588696 1.340671 0.1104505
0.1598473 1.429791 0.1161344
0.09395517 1.340671 0.06826159
0.1879108 1.412446 -2.924798E-08
-1.072835E-08 1.30768 -1.217935E-08
-0.03588696 1.340671 0.1104505
-0.1161354 1.340671 -1.755437E-08
-1.072835E-08 1.30768 -1.217935E-08
-0.1161354 1.340671 -1.755437E-08
-0.03588696 1.340671 -0.1104506
-1.072835E-08 1.30768 -1.217935E-08
-0.03588696 1.340671 -0.1104506
0.09395517 1.340671 -0.06826162
0.1598473 1.429791 0.1161344
0.1879108 1.412446 -2.924798E-08
0.2100918 1.528583 0.06826185
-0.06105505 1.429791 0.1879112
0.05806858 1.412446 0.1787132
-1.072835E-08 1.528583 0.2209033
-0.1975817 1.429792 -3.207391E-08
-0.1520233 1.412446 0.110451
-0.2100918 1.528583 0.06826185
-0.06105505 1.429791 -0.1879112
-0.1520233 1.412446 -0.1104509
-0.1298438 1.528583 -0.1787144
0.1598473 1.429791 -0.1161344
0.05806858 1.412446 -0.1787133
0.1298438 1.528583 -0.1787144
0.1598473 1.429791 0.1161344
0.2100918 1.528583 0.06826185
0.1298438 1.528583 0.1787143
-0.06105505 1.429791 0.1879112
-1.072835E-08 1.528583 0.2209033
-0.1298438 1.528583 0.1787143
-0.1975817 1.429792 -3.207391E-08
-0.2100918 1.528583 0.06826185
-0.2100918 1.528583 -0.06826194
-0.06105505 1.429791 -0.1879112
-0.1298438 1.528583 -0.1787144
-1.072835E-08 1.528583 -0.2209032
0.1598473 1.429791 -0.1161344
0.1298438 1.528583 -0.1787144
0.2100918 1.528583 -0.06826194
0.06105501 1.627375 0.1879112
0.1520233 1.64472 0.110451
0.03588695 1.716496 0.1104505
-0.1598473 1.627375 0.1161343
-0.05806859 1.64472 0.1787131
-0.09395519 1.716495 0.06826152
-0.1598473 1.627375 -0.1161345
-0.1879108 1.64472 -6.709017E-08
-0.09395519 1.716495 -0.06826168
0.06105501 1.627375 -0.1879112
-0.05806859 1.64472 -0.1787133
0.03588695 1.716496 -0.1104506
0.1975817 1.627374 -6.426422E-08
0.1520233 1.64472 -0.110451
0.1161354 1.716495 -7.878376E-08
0.1161354 1.716495 -7.878376E-08
0.03588695 1.716496 -0.1104506
-1.072835E-08 1.749486 -8.415878E-08
0.1161354 1.716495 -7.878376E-08
0.1520233 1.64472 -0.110451
0.03588695 1.716496 -0.1104506
0.1520233 1.64472 -0.110451
0.06105501 1.627375 -0.1879112
0.03588695 1.716496 -0.1104506
0.03588695 1.716496 -0.1104506
-0.09395519 1.716495 -0.06826168
-1.072835E-08 1.749486 -8.415878E-08
0.03588695 1.716496 -0.1104506
-0.05806859 1.64472 -0.1787133
-0.09395519 1.716495 -0.06826168
-0.05806859 1.64472 -0.1787133
-0.1598473 1.627375 -0.1161345
-0.09395519 1.716495 -0.06826168
-0.09395519 1.716495 -0.06826168
-0.09395519 1.716495 0.06826152
-1.072835E-08 1.749486 -8.415878E-08
-0.09395519 1.716495 -0.06826168
-0.1879108 1.64472 -6.709017E-08
-0.09395519 1.716495 0.06826152
-0.1879108 1.64472 -6.709017E-08
-0.1598473 1.627375 0.1161343
-0.09395519 1.716495 0.06826152
-0.09395519 1.716495 0.06826152
0.03588695 1.716496 0.1104505
-1.072835E-08 1.749486 -8.415878E-08
-0.09395519 1.716495 0.06826152
-0.05806859 1.64472 0.1787131
0.03588695 1.716496 0.1104505
-0.05806859 1.64472 0.1787131
0.06105501 1.627375 0.1879112
0.03588695 1.716496 0.1104505
0.03588695 1.716496 0.1104505
0.1161354 1.716495 -7.878376E-08
-1.072835E-08 1.749486 -8.415878E-08
0.03588695 1.716496 0.1104505
0.1520233 1.64472 0.110451
0.1161354 1.716495 -7.878376E-08
0.1520233 1.64472 0.110451
0.1975817 1.627374 -6.426422E-08
0.1161354 1.716495 -7.878376E-08
0.2100918 1.528583 -0.06826194
0.1520233 1.64472 -0.110451
0.1975817 1.627374 -6.426422E-08
0.2100918 1.528583 -0.06826194
0.1298438 1.528583 -0.1787144
0.1520233 1.64472 -0.110451
0.1298438 1.528583 -0.1787144
0.06105501 1.627375 -0.1879112
0.1520233 1.64472 -0.110451
-1.072835E-08 1.528583 -0.2209032
-0.05806859 1.64472 -0.1787133
0.06105501 1.627375 -0.1879112
-1.072835E-08 1.528583 -0.2209032
-0.1298438 1.528583 -0.1787144
-0.05806859 1.64472 -0.1787133
-0.1298438 1.528583 -0.1787144
-0.1598473 1.627375 -0.1161345
-0.05806859 1.64472 -0.1787133
-0.2100918 1.528583 -0.06826194
-0.1879108 1.64472 -6.709017E-08
-0.1598473 1.627375 -0.1161345
-0.2100918 1.528583 -0.06826194
-0.2100918 1.528583 0.06826185
-0.1879108 1.64472 -6.709017E-08
-0.2100918 1.528583 0.06826185
-0.1598473 1.627375 0.1161343
-0.1879108 1.64472 -6.709017E-08
-0.1298438 1.528583 0.1787143
-0.05806859 1.64472 0.1787131
-0.1598473 1.627375 0.1161343
-0.1298438 1.528583 0.1787143
-1.072835E-08 1.528583 0.2209033
-0.05806859 1.64472 0.1787131
-1.072835E-08 1.528583 0.2209033
0.06105501 1.627375 0.1879112
-0.05806859 1.64472 0.1787131
0.1298438 1.528583 0.1787143
0.1520233 1.64472 0.110451
0.06105501 1.627375 0.1879112
0.1298438 1.528583 0.1787143
0.2100918 1.528583 0.06826185
0.1520233 1.64472 0.110451
0.2100918 1.528583 0.06826185
0.1975817 1.627374 -6.426422E-08
0.1520233 1.64472 0.110451
0.1298438 1.528583 -0.1787144
-1.072835E-08 1.528583 -0.2209032
0.06105501 1.627375 -0.1879112
0.1298438 1.528583 -0.1787144
0.05806858 1.412446 -0.1787133
-1.072835E-08 1.528583 -0.2209032
0.05806858 1.412446 -0.1787133
-0.06105505 1.429791 -0.1879112
-1.072835E-08 1.528583 -0.2209032
-0.1298438 1.528583 -0.1787144
-0.2100918 1.528583 -0.06826194
-0.1598473 1.627375 -0.1161345
-0.1298438 1.528583 -0.1787144
-0.1520233 1.412446 -0.1104509
-0.2100918 1.528583 -0.06826194
-0.1520233 1.412446 -0.1104509
-0.1975817 1.429792 -3.207391E-08
-0.2100918 1.528583 -0.06826194
-0.2100918 1.528583 0.06826185
-0.1298438 1.528583 0.1787143
-0.1598473 1.627375 0.1161343
-0.2100918 1.528583 0.06826185
-0.1520233 1.412446 0.110451
-0.1298438 1.528583 0.1787143
-0.1520233 1.412446 0.110451
-0.06105505 1.429791 0.1879112
-0.1298438 1.528583 0.1787143
-1.072835E-08 1.528583 0.2209033
0.1298438 1.528583 0.1787143
0.06105501 1.627375 0.1879112
-1.072835E-08 1.528583 0.2209033
0.05806858 1.412446 0.1787132
0.1298438 1.528583 0.1787143
0.05806858 1.412446 0.1787132
0.1598473 1.429791 0.1161344
0.1298438 1.528583 0.1787143
0.2100918 1.528583 0.06826185
0.2100918 1.528583 -0.06826194
0.1975817 1.627374 -6.426422E-08
0.2100918 1.528583 0.06826185
0.1879108 1.412446 -2.924798E-08
0.2100918 1.528583 -0.06826194
0.1879108 1.412446 -2.924798E-08
0.1598473 1.429791 -0.1161344
0.2100918 1.528583 -0.06826194
0.09395517 1.340671 -0.06826162
0.05806858 1.412446 -0.1787133
0.1598473 1.429791 -0.1161344
0.09395517 1.340671 -0.06826162
-0.03588696 1.340671 -0.1104506
0.05806858 1.412446 -0.1787133
-0.03588696 1.340671 -0.1104506
-0.06105505 1.429791 -0.1879112
0.05806858 1.412446 -0.1787133
-0.03588696 1.340671 -0.1104506
-0.1520233 1.412446 -0.1104509
-0.06105505 1.429791 -0.1879112
-0.03588696 1.340671 -0.1104506
-0.1161354 1.340671 -1.755437E-08
-0.1520233 1.412446 -0.1104509
-0.1161354 1.340671 -1.755437E-08
-0.1975817 1.429792 -3.207391E-08
-0.1520233 1.412446 -0.1104509
-0.1161354 1.340671 -1.755437E-08
-0.1520233 1.412446 0.110451
-0.1975817 1.429792 -3.207391E-08
-0.1161354 1.340671 -1.755437E-08
-0.03588696 1.340671 0.1104505
-0.1520233 1.412446 0.110451
-0.03588696 1.340671 0.1104505
-0.06105505 1.429791 0.1879112
-0.1520233 1.412446 0.110451
0.1879108 1.412446 -2.924798E-08
0.09395517 1.340671 -0.06826162
0.1598473 1.429791 -0.1161344
0.1879108 1.412446 -2.924798E-08
0.09395517 1.340671 0.06826159
0.09395517 1.340671 -0.06826162
0.09395517 1.340671 0.06826159
-1.072835E-08 1.30768 -1.217935E-08
0.09395517 1.340671 -0.06826162
-0.03588696 1.340671 0.1104505
0.05806858 1.412446 0.1787132
-0.06105505 1.429791 0.1879112
-0.03588696 1.340671 0.1104505
0.09395517 1.340671 0.06826159
0.05806858 1.412446 0.1787132
0.09395517 1.340671 0.06826159
0.1598473 1.429791 0.1161344
0.05806858 1.412446 0.1787132
0 1.347209 -0.185877
0 1.718962 -0.1858771
0.03626277 1.718962 -0.1823055
0 1.347209 -0.185877
0.03626277 1.718962 -0.1823055
0.03626277 1.347209 -0.1823055
0.03626277 1.347209 -0.1823055
0.03626277 1.718962 -0.1823055
0.07113198 1.718962 -0.171728
0.03626277 1.347209 -0.1823055
0.07113198 1.718962 -0.171728
0.07113198 1.347209 -0.171728
0.07113198 1.347209 -0.171728
0.07113198 1.718962 -0.171728
0.1032676 1.718962 -0.1545512
0.07113198 1.347209 -0.171728
0.1032676 1.718962 -0.1545512
0.1032676 1.347209 -0.1545511
0.1032676 1.347209 -0.1545511
0.1032676 1.718962 -0.1545512
0.1314348 1.718962 -0.131435
0.1032676 1.347209 -0.1545511
0.1314348 1.718962 -0.131435
0.1314348 1.347209 -0.131435
0.1314348 1.347209 -0.131435
0.1314348 1.718962 -0.131435
0.1545509 1.718962 -0.1032679
0.1314348 1.347209 -0.131435
0.1545509 1.718962 -0.1032679
0.1545509 1.347209 -0.1032678
0.1545509 1.347209 -0.1032678
0.1545509 1.718962 -0.1032679
0.1717278 1.718963 -0.07113225
0.1545509 1.347209 -0.1032678
0.1717278 1.718963 -0.07113225
0.1717278 1.347209 -0.07113218
0.1717278 1.347209 -0.07113218
0.1717278 1.718963 -0.07113225
0.1823052 1.718963 -0.03626304
0.1717278 1.347209 -0.07113218
0.1823052 1.718963 -0.03626304
0.1823052 1.347209 -0.03626299
0.1823052 1.347209 -0.03626299
0.1823052 1.718963 -0.03626304
0.1858768 1.718963 -2.647131E-07
0.1823052 1.347209 -0.03626299
0.1858768 1.718963 -2.647131E-07
0.1858768 1.347209 -2.041468E-07
0.1858768 1.347209 -2.041468E-07
0.1858768 1.718963 -2.647131E-07
0.1823052 1.718963 0.0362625
0.1858768 1.347209 -2.041468E-07
0.1823052 1.718963 0.0362625
0.1823052 1.347209 0.03626256
0.1823052 1.347209 0.03626256
0.1823052 1.718963 0.0362625
0.1717278 1.718963 0.0711317
0.1823052 1.347209 0.03626256
0.1717278 1.718963 0.0711317
0.1717278 1.347209 0.07113177
0.1717278 1.347209 0.07113177
0.1717278 1.718963 0.0711317
0.1545509 1.718963 0.1032673
0.1717278 1.347209 0.07113177
0.1545509 1.718963 0.1032673
0.1545509 1.347209 0.1032674
0.1545509 1.347209 0.1032674
0.1545509 1.718963 0.1032673
0.1314348 1.718963 0.1314345
0.1545509 1.347209 0.1032674
0.1314348 1.718963 0.1314345
0.1314348 1.347209 0.1314345
0.1314348 1.347209 0.1314345
0.1314348 1.718963 0.1314345
0.1032676 1.718963 0.1545507
0.1314348 1.347209 0.1314345
0.1032676 1.718963 0.1545507
0.1032676 1.347209 0.1545507
0.1032676 1.347209 0.1545507
0.1032676 1.718963 0.1545507
0.07113199 1.718963 0.1717275
0.1032676 1.347209 0.1545507
0.07113199 1.718963 0.1717275
0.07113199 1.347209 0.1717276
0.07113199 1.347209 0.1717276
0.07113199 1.718963 0.1717275
0.03626277 1.718963 0.182305
0.07113199 1.347209 0.1717276
0.03626277 1.718963 0.182305
0.03626277 1.347209 0.182305
0.03626277 1.347209 0.182305
0.03626277 1.718963 0.182305
-1.624987E-08 1.718963 0.1858765
0.03626277 1.347209 0.182305
-1.624987E-08 1.718963 0.1858765
-1.624987E-08 1.347209 0.1858766
-1.624987E-08 1.347209 0.1858766
-1.624987E-08 1.718963 0.1858765
-0.03626275 1.718963 0.182305
-1.624987E-08 1.347209 0.1858766
-0.03626275 1.718963 0.182305
-0.03626275 1.347209 0.182305
-0.03626275 1.347209 0.182305
-0.03626275 1.718963 0.182305
-0.07113197 1.718963 0.1717275
-0.03626275 1.347209 0.182305
-0.07113197 1.718963 0.1717275
-0.07113197 1.347209 0.1717276
-0.07113197 1.347209 0.1717276
-0.07113197 1.718963 0.1717275
-0.1032676 1.718963 0.1545506
-0.07113197 1.347209 0.1717276
-0.1032676 1.718963 0.1545506
-0.1032676 1.347209 0.1545507
-0.1032676 1.347209 0.1545507
-0.1032676 1.718963 0.1545506
-0.1314347 1.718963 0.1314345
-0.1032676 1.347209 0.1545507
-0.1314347 1.718963 0.1314345
-0.1314347 1.347209 0.1314346
-0.1314347 1.347209 0.1314346
-0.1314347 1.718963 0.1314345
-0.1545509 1.718963 0.1032674
-0.1314347 1.347209 0.1314346
-0.1545509 1.718963 0.1032674
-0.1545509 1.347209 0.1032675
-0.1545509 1.347209 0.1032675
-0.1545509 1.718963 0.1032674
-0.1717278 1.718963 0.07113173
-0.1545509 1.347209 0.1032675
-0.1717278 1.718963 0.07113173
-0.1717278 1.347209 0.0711318
-0.1717278 1.347209 0.0711318
-0.1717278 1.718963 0.07113173
-0.1823052 1.718963 0.03626251
-0.1717278 1.347209 0.0711318
-0.1823052 1.718963 0.03626251
-0.1823052 1.347209 0.03626257
-0.1823052 1.347209 0.03626257
-0.1823052 1.718963 0.03626251
-0.1858768 1.718963 -2.750546E-07
-0.1823052 1.347209 0.03626257
-0.1858768 1.718963 -2.750546E-07
-0.1858768 1.347209 -2.144883E-07
-0.1858768 1.347209 -2.144883E-07
-0.1858768 1.718963 -2.750546E-07
-0.1823052 1.718963 -0.03626306
-0.1858768 1.347209 -2.144883E-07
-0.1823052 1.718963 -0.03626306
-0.1823052 1.347209 -0.036263
-0.1823052 1.347209 -0.036263
-0.1823052 1.718963 -0.03626306
-0.1717278 1.718963 -0.07113229
-0.1823052 1.347209 -0.036263
-0.1717278 1.718963 -0.07113229
-0.1717278 1.347209 -0.07113222
-0.1717278 1.347209 -0.07113222
-0.1717278 1.718963 -0.07113229
-0.1545509 1.718962 -0.1032679
-0.1717278 1.347209 -0.07113222
-0.1545509 1.718962 -0.1032679
-0.1545509 1.347209 -0.1032678
-0.1545509 1.347209 -0.1032678
-0.1545509 1.718962 -0.1032679
-0.1314348 1.718962 -0.131435
-0.1545509 1.347209 -0.1032678
-0.1314348 1.718962 -0.131435
-0.1314348 1.347209 -0.1314349
-0.1314348 1.347209 -0.1314349
-0.1314348 1.718962 -0.131435
-0.1032676 1.718962 -0.1545512
-0.1314348 1.347209 -0.1314349
-0.1032676 1.718962 -0.1545512
-0.1032676 1.347209 -0.1545511
-0.1032676 1.347209 -0.1545511
-0.1032676 1.718962 -0.1545512
-0.07113197 1.718962 -0.1717281
-0.1032676 1.347209 -0.1545511
-0.07113197 1.718962 -0.1717281
-0.07113197 1.347209 -0.171728
0.03626277 1.718962 -0.1823055
0 1.718962 -0.1858771
-0.03626275 1.718962 -0.1823055
0.03626277 1.718962 -0.1823055
-0.03626275 1.718962 -0.1823055
-0.07113197 1.718962 -0.1717281
0.03626277 1.718962 -0.1823055
-0.07113197 1.718962 -0.1717281
-0.1032676 1.718962 -0.1545512
0.03626277 1.718962 -0.1823055
-0.1032676 1.718962 -0.1545512
-0.1314348 1.718962 -0.131435
0.03626277 1.718962 -0.1823055
-0.1314348 1.718962 -0.131435
-0.1545509 1.718962 -0.1032679
0.03626277 1.718962 -0.1823055
-0.1545509 1.718962 -0.1032679
-0.1717278 1.718963 -0.07113229
0.03626277 1.718962 -0.1823055
-0.1717278 1.718963 -0.07113229
-0.1823052 1.718963 -0.03626306
0.03626277 1.718962 -0.1823055
-0.1823052 1.718963 -0.03626306
-0.1858768 1.718963 -2.750546E-07
0.03626277 1.718962 -0.1823055
-0.1858768 1.718963 -2.750546E-07
-0.1823052 1.718963 0.03626251
0.03626277 1.718962 -0.1823055
-0.1823052 1.718963 0.03626251
-0.1717278 1.718963 0.07113173
0.03626277 1.718962 -0.1823055
-0.1717278 1.718963 0.07113173
-0.1545509 1.718963 0.1032674
0.03626277 1.718962 -0.1823055
-0.1545509 1.718963 0.1032674
-0.1314347 1.718963 0.1314345
0.03626277 1.718962 -0.1823055
-0.1314347 1.718963 0.1314345
-0.1032676 1.718963 0.1545506
0.03626277 1.718962 -0.1823055
-0.1032676 1.718963 0.1545506
-0.07113197 1.718963 0.1717275
0.03626277 1.718962 -0.1823055
-0.07113197 1.718963 0.1717275
-0.03626275 1.718963 0.182305
0.03626277 1.718962 -0.1823055
-0.03626275 1.718963 0.182305
-1.624987E-08 1.718963 0.1858765
0.03626277 1.718962 -0.1823055
-1.624987E-08 1.718963 0.1858765
0.03626277 1.718963 0.182305
0.03626277 1.718962 -0.1823055
0.03626277 1.718963 0.182305
0.07113199 1.718963 0.1717275
0.03626277 1.718962 -0.1823055
0.07113199 1.718963 0.1717275
0.1032676 1.718963 0.1545507
0.03626277 1.718962 -0.1823055
0.1032676 1.718963 0.1545507
0.1314348 1.718963 0.1314345
0.03626277 1.718962 -0.1823055
0.1314348 1.718963 0.1314345
0.1545509 1.718963 0.1032673
0.03626277 1.718962 -0.1823055
0.1545509 1.718963 0.1032673
0.1717278 1.718963 0.0711317
0.03626277 1.718962 -0.1823055
0.1717278 1.718963 0.0711317
0.1823052 1.718963 0.0362625
0.03626277 1.718962 -0.1823055
0.1823052 1.718963 0.0362625
0.1858768 1.718963 -2.647131E-07
0.03626277 1.718962 -0.1823055
0.1858768 1.718963 -2.647131E-07
0.1823052 1.718963 -0.03626304
0.03626277 1.718962 -0.1823055
0.1823052 1.718963 -0.03626304
0.1717278 1.718963 -0.07113225
0.03626277 1.718962 -0.1823055
0.1717278 1.718963 -0.07113225
0.1545509 1.718962 -0.1032679
0.03626277 1.718962 -0.1823055
0.1545509 1.718962 -0.1032679
0.1314348 1.718962 -0.131435
0.03626277 1.718962 -0.1823055
0.1314348 1.718962 -0.131435
0.1032676 1.718962 -0.1545512
0.03626277 1.718962 -0.1823055
0.1032676 1.718962 -0.1545512
0.07113198 1.718962 -0.171728
-0.07113197 1.347209 -0.171728
-0.07113197 1.718962 -0.1717281
-0.03626275 1.718962 -0.1823055
-0.07113197 1.347209 -0.171728
-0.03626275 1.718962 -0.1823055
-0.03626275 1.347209 -0.1823055
-0.03626275 1.347209 -0.1823055
-0.03626275 1.718962 -0.1823055
0 1.718962 -0.1858771
-0.03626275 1.347209 -0.1823055
0 1.718962 -0.1858771
0 1.347209 -0.185877
0 1.347209 -0.185877
0.03626277 1.347209 -0.1823055
0.07113198 1.347209 -0.171728
0 1.347209 -0.185877
0.07113198 1.347209 -0.171728
0.1032676 1.347209 -0.1545511
0 1.347209 -0.185877
0.1032676 1.347209 -0.1545511
0.1314348 1.347209 -0.131435
0 1.347209 -0.185877
0.1314348 1.347209 -0.131435
0.1545509 1.347209 -0.1032678
0 1.347209 -0.185877
0.1545509 1.347209 -0.1032678
0.1717278 1.347209 -0.07113218
0 1.347209 -0.185877
0.1717278 1.347209 -0.07113218
0.1823052 1.347209 -0.03626299
0 1.347209 -0.185877
0.1823052 1.347209 -0.03626299
0.1858768 1.347209 -2.041468E-07
0 1.347209 -0.185877
0.1858768 1.347209 -2.041468E-07
0.1823052 1.347209 0.03626256
0 1.347209 -0.185877
0.1823052 1.347209 0.03626256
0.1717278 1.347209 0.07113177
0 1.347209 -0.185877
0.1717278 1.347209 0.07113177
0.1545509 1.347209 0.1032674
0 1.347209 -0.185877
0.1545509 1.347209 0.1032674
0.1314348 1.347209 0.1314345
0 1.347209 -0.185877
0.1314348 1.347209 0.1314345
0.1032676 1.347209 0.1545507
0 1.347209 -0.185877
0.1032676 1.347209 0.1545507
0.07113199 1.347209 0.1717276
0 1.347209 -0.185877
0.07113199 1.347209 0.1717276
0.03626277 1.347209 0.182305
0 1.347209 -0.185877
0.03626277 1.347209 0.182305
-1.624987E-08 1.347209 0.1858766
0 1.347209 -0.185877
-1.624987E-08 1.347209 0.1858766
-0.03626275 1.347209 0.182305
0 1.347209 -0.185877
-0.03626275 1.347209 0.182305
-0.07113197 1.347209 0.1717276
0 1.347209 -0.185877
-0.07113197 1.347209 0.1717276
-0.1032676 1.347209 0.1545507
0 1.347209 -0.185877
-0.1032676 1.347209 0.1545507
-0.1314347 1.347209 0.1314346
0 1.347209 -0.185877
-0.1314347 1.347209 0.1314346
-0.1545509 1.347209 0.1032675
0 1.347209 -0.185877
-0.1545509 1.347209 0.1032675
-0.1717278 1.347209 0.0711318
0 1.347209 -0.185877
-0.1717278 1.347209 0.0711318
-0.1823052 1.347209 0.03626257
0 1.347209 -0.185877
-0.1823052 1.347209 0.03626257
-0.1858768 1.347209 -2.144883E-07
0 1.347209 -0.185877
-0.1858768 1.347209 -2.144883E-07
-0.1823052 1.347209 -0.036263
0 1.347209 -0.185877
-0.1823052 1.347209 -0.036263
-0.1717278 1.347209 -0.07113222
0 1.347209 -0.185877
-0.1717278 1.347209 -0.07113222
-0.1545509 1.347209 -0.1032678
0 1.347209 -0.185877
-0.1545509 1.347209 -0.1032678
-0.1314348 1.347209 -0.1314349
0 1.347209 -0.185877
-0.1314348 1.347209 -0.1314349
-0.1032676 1.347209 -0.1545511
0 1.347209 -0.185877
-0.1032676 1.347209 -0.1545511
-0.07113197 1.347209 -0.171728
0 1.347209 -0.185877
-0.07113197 1.347209 -0.171728
-0.03626275 1.347209 -0.1823055