0 0.002147548 -0.5
0 0.08644141 -0.5
0.09754516 0.08644141 -0.4903926
0 0.002147548 -0.5
0.09754516 0.08644141 -0.4903926
0.09754516 0.00214755 -0.4903926
0.09754516 0.00214755 -0.4903926
0.09754516 0.08644141 -0.4903926
0.1913417 0.08644142 -0.4619398
0.09754516 0.00214755 -0.4903926
0.1913417 0.08644142 -0.4619398
0.1913417 0.002147555 -0.4619398
0.1913417 0.002147555 -0.4619398
0.1913417 0.08644142 -0.4619398
0.2777851 0.08644143 -0.4157348
0.1913417 0.002147555 -0.4619398
0.2777851 0.08644143 -0.4157348
0.2777851 0.002147562 -0.4157348
0.2777851 0.002147562 -0.4157348
0.2777851 0.08644143 -0.4157348
0.3535534 0.08644143 -0.3535534
0.2777851 0.002147562 -0.4157348
0.3535534 0.08644143 -0.3535534
0.3535534 0.002147572 -0.3535534
0.3535534 0.002147572 -0.3535534
0.3535534 0.08644143 -0.3535534
0.4157348 0.08644145 -0.2777851
0.3535534 0.002147572 -0.3535534
0.4157348 0.08644145 -0.2777851
0.4157348 0.002147585 -0.2777851
0.4157348 0.002147585 -0.2777851
0.4157348 0.08644145 -0.2777851
0.4619398 0.08644146 -0.1913417
0.4157348 0.002147585 -0.2777851
0.4619398 0.08644146 -0.1913417
0.4619398 0.002147599 -0.1913417
0.4619398 0.002147599 -0.1913417
0.4619398 0.08644146 -0.1913417
0.4903926 0.08644148 -0.09754518
0.4619398 0.002147599 -0.1913417
0.4903926 0.08644148 -0.09754518
0.4903926 0.002147614 -0.09754517
0.4903926 0.002147614 -0.09754517
0.4903926 0.08644148 -0.09754518
0.5 0.08644149 1.498909E-08
0.4903926 0.002147614 -0.09754517
0.5 0.08644149 1.498909E-08
0.5 0.00214763 2.87223E-08
0.5 0.00214763 2.87223E-08
0.5 0.08644149 1.498909E-08
0.4903926 0.08644151 0.09754515
0.5 0.00214763 2.87223E-08
0.4903926 0.08644151 0.09754515
0.4903926 0.002147646 0.09754517
0.4903926 0.002147646 0.09754517
0.4903926 0.08644151 0.09754515
0.4619398 0.08644152 0.1913417
0.4903926 0.002147646 0.09754517
0.4619398 0.08644152 0.1913417
0.4619398 0.002147661 0.1913417
0.4619398 0.002147661 0.1913417
0.4619398 0.08644152 0.1913417
0.4157348 0.08644154 0.2777851
0.4619398 0.002147661 0.1913417
0.4157348 0.08644154 0.2777851
0.4157348 0.002147675 0.2777851
0.4157348 0.002147675 0.2777851
0.4157348 0.08644154 0.2777851
0.3535534 0.08644155 0.3535534
0.4157348 0.002147675 0.2777851
0.3535534 0.08644155 0.3535534
0.3535534 0.002147687 0.3535534
0.3535534 0.002147687 0.3535534
0.3535534 0.08644155 0.3535534
0.2777851 0.08644156 0.4157348
0.3535534 0.002147687 0.3535534
0.2777851 0.08644156 0.4157348
0.2777851 0.002147698 0.4157348
0.2777851 0.002147698 0.4157348
0.2777851 0.08644156 0.4157348
0.1913417 0.08644157 0.4619398
0.2777851 0.002147698 0.4157348
0.1913417 0.08644157 0.4619398
0.1913417 0.002147705 0.4619398
0.1913417 0.002147705 0.4619398
0.1913417 0.08644157 0.4619398
0.09754515 0.08644158 0.4903927
0.1913417 0.002147705 0.4619398
0.09754515 0.08644158 0.4903927
0.09754515 0.00214771 0.4903927
0.09754515 0.00214771 0.4903927
0.09754515 0.08644158 0.4903927
-4.371139E-08 0.08644158 0.5
0.09754515 0.00214771 0.4903927
-4.371139E-08 0.08644158 0.5
-4.371139E-08 0.002147711 0.5
-4.371139E-08 0.002147711 0.5
-4.371139E-08 0.08644158 0.5
-0.09754512 0.08644158 0.4903927
-4.371139E-08 0.002147711 0.5
-0.09754512 0.08644158 0.4903927
-0.09754512 0.00214771 0.4903927
-0.09754512 0.00214771 0.4903927
-0.09754512 0.08644158 0.4903927
-0.1913417 0.08644157 0.4619398
-0.09754512 0.00214771 0.4903927
-0.1913417 0.08644157 0.4619398
-0.1913417 0.002147705 0.4619398
-0.1913417 0.002147705 0.4619398
-0.1913417 0.08644157 0.4619398
-0.2777852 0.08644156 0.4157348
-0.1913417 0.002147705 0.4619398
-0.2777852 0.08644156 0.4157348
-0.2777852 0.002147698 0.4157348
-0.2777852 0.002147698 0.4157348
-0.2777852 0.08644156 0.4157348
-0.3535534 0.08644155 0.3535534
-0.2777852 0.002147698 0.4157348
-0.3535534 0.08644155 0.3535534
-0.3535534 0.002147687 0.3535534
-0.3535534 0.002147687 0.3535534
-0.3535534 0.08644155 0.3535534
-0.4157347 0.08644154 0.2777852
-0.3535534 0.002147687 0.3535534
-0.4157347 0.08644154 0.2777852
-0.4157347 0.002147675 0.2777852
-0.4157347 0.002147675 0.2777852
-0.4157347 0.08644154 0.2777852
-0.4619398 0.08644152 0.1913418
-0.4157347 0.002147675 0.2777852
-0.4619398 0.08644152 0.1913418
-0.4619398 0.002147661 0.1913418
-0.4619398 0.002147661 0.1913418
-0.4619398 0.08644152 0.1913418
-0.4903926 0.08644151 0.09754518
-0.4619398 0.002147661 0.1913418
-0.4903926 0.08644151 0.09754518
-0.4903926 0.002147646 0.0975452
-0.4903926 0.002147646 0.0975452
-0.4903926 0.08644151 0.09754518
-0.5 0.08644149 -1.282905E-08
-0.4903926 0.002147646 0.0975452
-0.5 0.08644149 -1.282905E-08
-0.5 0.00214763 9.041665E-10
-0.5 0.00214763 9.041665E-10
-0.5 0.08644149 -1.282905E-08
-0.4903926 0.08644148 -0.09754521
-0.5 0.00214763 9.041665E-10
-0.4903926 0.08644148 -0.09754521
-0.4903926 0.002147614 -0.0975452
-0.4903926 0.002147614 -0.0975452
-0.4903926 0.08644148 -0.09754521
-0.4619397 0.08644146 -0.1913418
-0.4903926 0.002147614 -0.0975452
-0.4619397 0.08644146 -0.1913418
-0.4619397 0.002147599 -0.1913418
-0.4619397 0.002147599 -0.1913418
-0.4619397 0.08644146 -0.1913418
-0.4157349 0.08644145 -0.277785
-0.4619397 0.002147599 -0.1913418
-0.4157349 0.08644145 -0.277785
-0.4157349 0.002147585 -0.277785
-0.4157349 0.002147585 -0.277785
-0.4157349 0.08644145 -0.277785
-0.3535534 0.08644143 -0.3535534
-0.4157349 0.002147585 -0.277785
-0.3535534 0.08644143 -0.3535534
-0.3535534 0.002147572 -0.3535534
-0.3535534 0.002147572 -0.3535534
-0.3535534 0.08644143 -0.3535534
-0.2777852 0.08644143 -0.4157348
-0.3535534 0.002147572 -0.3535534
-0.2777852 0.08644143 -0.4157348
-0.2777852 0.002147562 -0.4157348
-0.2777852 0.002147562 -0.4157348
-0.2777852 0.08644143 -0.4157348
-0.1913417 0.08644142 -0.4619398
-0.2777852 0.002147562 -0.4157348
-0.1913417 0.08644142 -0.4619398
-0.1913417 0.002147555 -0.4619398
0.09754516 0.08644141 -0.4903926
0 0.08644141 -0.5
-0.09754512 0.08644141 -0.4903927
0.09754516 0.08644141 -0.4903926
-0.09754512 0.08644141 -0.4903927
-0.1913417 0.08644142 -0.4619398
0.09754516 0.08644141 -0.4903926
-0.1913417 0.08644142 -0.4619398
-0.2777852 0.08644143 -0.4157348
0.09754516 0.08644141 -0.4903926
-0.2777852 0.08644143 -0.4157348
-0.3535534 0.08644143 -0.3535534
0.09754516 0.08644141 -0.4903926
-0.3535534 0.08644143 -0.3535534
-0.4157349 0.08644145 -0.277785
0.09754516 0.08644141 -0.4903926
-0.4157349 0.08644145 -0.277785
-0.4619397 0.08644146 -0.1913418
0.09754516 0.08644141 -0.4903926
-0.4619397 0.08644146 -0.1913418
-0.4903926 0.08644148 -0.09754521
0.09754516 0.08644141 -0.4903926
-0.4903926 0.08644148 -0.09754521
-0.5 0.08644149 -1.282905E-08
0.09754516 0.08644141 -0.4903926
-0.5 0.08644149 -1.282905E-08
-0.4903926 0.08644151 0.09754518
0.09754516 0.08644141 -0.4903926
-0.4903926 0.08644151 0.09754518
-0.4619398 0.08644152 0.1913418
0.09754516 0.08644141 -0.4903926
-0.4619398 0.08644152 0.1913418
-0.4157347 0.08644154 0.2777852
0.09754516 0.08644141 -0.4903926
-0.4157347 0.08644154 0.2777852
-0.3535534 0.08644155 0.3535534
0.09754516 0.08644141 -0.4903926
-0.3535534 0.08644155 0.3535534
-0.2777852 0.08644156 0.4157348
0.09754516 0.08644141 -0.4903926
-0.2777852 0.08644156 0.4157348
-0.1913417 0.08644157 0.4619398
0.09754516 0.08644141 -0.4903926
-0.1913417 0.08644157 0.4619398
-0.09754512 0.08644158 0.4903927
0.09754516 0.08644141 -0.4903926
-0.09754512 0.08644158 0.4903927
-4.371139E-08 0.08644158 0.5
0.09754516 0.08644141 -0.4903926
-4.371139E-08 0.08644158 0.5
0.09754515 0.08644158 0.4903927
0.09754516 0.08644141 -0.4903926
0.09754515 0.08644158 0.4903927
0.1913417 0.08644157 0.4619398
0.09754516 0.08644141 -0.4903926
0.1913417 0.08644157 0.4619398
0.2777851 0.08644156 0.4157348
0.09754516 0.08644141 -0.4903926
0.2777851 0.08644156 0.4157348
0.3535534 0.08644155 0.3535534
0.09754516 0.08644141 -0.4903926
0.3535534 0.08644155 0.3535534
0.4157348 0.08644154 0.2777851
0.09754516 0.08644141 -0.4903926
0.4157348 0.08644154 0.2777851
0.4619398 0.08644152 0.1913417
0.09754516 0.08644141 -0.4903926
0.4619398 0.08644152 0.1913417
0.4903926 0.08644151 0.09754515
0.09754516 0.08644141 -0.4903926
0.4903926 0.08644151 0.09754515
0.5 0.08644149 1.498909E-08
0.09754516 0.08644141 -0.4903926
0.5 0.08644149 1.498909E-08
0.4903926 0.08644148 -0.09754518
0.09754516 0.08644141 -0.4903926
0.4903926 0.08644148 -0.09754518
0.4619398 0.08644146 -0.1913417
0.09754516 0.08644141 -0.4903926
0.4619398 0.08644146 -0.1913417
0.4157348 0.08644145 -0.2777851
0.09754516 0.08644141 -0.4903926
0.4157348 0.08644145 -0.2777851
0.3535534 0.08644143 -0.3535534
0.09754516 0.08644141 -0.4903926
0.3535534 0.08644143 -0.3535534
0.2777851 0.08644143 -0.4157348
0.09754516 0.08644141 -0.4903926
0.2777851 0.08644143 -0.4157348
0.1913417 0.08644142 -0.4619398
-0.1913417 0.002147555 -0.4619398
-0.1913417 0.08644142 -0.4619398
-0.09754512 0.08644141 -0.4903927
-0.1913417 0.002147555 -0.4619398
-0.09754512 0.08644141 -0.4903927
-0.09754512 0.00214755 -0.4903927
-0.09754512 0.00214755 -0.4903927
-0.09754512 0.08644141 -0.4903927
0 0.08644141 -0.5
-0.09754512 0.00214755 -0.4903927
0 0.08644141 -0.5
0 0.002147548 -0.5
0 0.002147548 -0.5
0.09754516 0.00214755 -0.4903926
0.1913417 0.002147555 -0.4619398
0 0.002147548 -0.5
0.1913417 0.002147555 -0.4619398
0.2777851 0.002147562 -0.4157348
0 0.002147548 -0.5
0.2777851 0.002147562 -0.4157348
0.3535534 0.002147572 -0.3535534
0 0.002147548 -0.5
0.3535534 0.002147572 -0.3535534
0.4157348 0.002147585 -0.2777851
0 0.002147548 -0.5
0.4157348 0.002147585 -0.2777851
0.4619398 0.002147599 -0.1913417
0 0.002147548 -0.5
0.4619398 0.002147599 -0.1913417
0.4903926 0.002147614 -0.09754517
0 0.002147548 -0.5
0.4903926 0.002147614 -0.09754517
0.5 0.00214763 2.87223E-08
0 0.002147548 -0.5
0.5 0.00214763 2.87223E-08
0.4903926 0.002147646 0.09754517
0 0.002147548 -0.5
0.4903926 0.002147646 0.09754517
0.4619398 0.002147661 0.1913417
0 0.002147548 -0.5
0.4619398 0.002147661 0.1913417
0.4157348 0.002147675 0.2777851
0 0.002147548 -0.5
0.4157348 0.002147675 0.2777851
0.3535534 0.002147687 0.3535534
0 0.002147548 -0.5
0.3535534 0.002147687 0.3535534
0.2777851 0.002147698 0.4157348
0 0.002147548 -0.5
0.2777851 0.002147698 0.4157348
0.1913417 0.002147705 0.4619398
0 0.002147548 -0.5
0.1913417 0.002147705 0.4619398
0.09754515 0.00214771 0.4903927
0 0.002147548 -0.5
0.09754515 0.00214771 0.4903927
-4.371139E-08 0.002147711 0.5
0 0.002147548 -0.5
-4.371139E-08 0.002147711 0.5
-0.09754512 0.00214771 0.4903927
0 0.002147548 -0.5
-0.09754512 0.00214771 0.4903927
-0.1913417 0.002147705 0.4619398
0 0.002147548 -0.5
-0.1913417 0.002147705 0.4619398
-0.2777852 0.002147698 0.4157348
0 0.002147548 -0.5
-0.2777852 0.002147698 0.4157348
-0.3535534 0.002147687 0.3535534
0 0.002147548 -0.5
-0.3535534 0.002147687 0.3535534
-0.4157347 0.002147675 0.2777852
0 0.002147548 -0.5
-0.4157347 0.002147675 0.2777852
-0.4619398 0.002147661 0.1913418
0 0.002147548 -0.5
-0.4619398 0.002147661 0.1913418
-0.4903926 0.002147646 0.0975452
0 0.002147548 -0.5
-0.4903926 0.002147646 0.0975452
-0.5 0.00214763 9.041665E-10
0 0.002147548 -0.5
-0.5 0.00214763 9.041665E-10
-0.4903926 0.002147614 -0.0975452
0 0.002147548 -0.5
-0.4903926 0.002147614 -0.0975452
-0.4619397 0.002147599 -0.1913418
0 0.002147548 -0.5
-0.4619397 0.002147599 -0.1913418
-0.4157349 0.002147585 -0.277785
0 0.002147548 -0.5
-0.4157349 0.002147585 -0.277785
-0.3535534 0.002147572 -0.3535534
0 0.002147548 -0.5
-0.3535534 0.002147572 -0.3535534
-0.2777852 0.002147562 -0.4157348
0 0.002147548 -0.5
-0.2777852 0.002147562 -0.4157348
-0.1913417 0.002147555 -0.4619398
0 0.002147548 -0.5
-0.1913417 0.002147555 -0.4619398
-0.09754512 0.00214755 -0.4903927
0 0.6734106 -1.02496E-07
0.08648705 0.6979584 0.06283569
-0.03303446 0.6979583 0.1016712
0.1471416 0.7642703 0.1069033
0.08648705 0.6979584 0.06283569
0.1729746 0.7513646 -1.151963E-07
0 0.6734106 -1.02496E-07
-0.03303446 0.6979583 0.1016712
-0.1069043 0.6979587 -1.064954E-07
0 0.6734106 -1.02496E-07
-0.1069043 0.6979587 -1.064954E-07
-0.03303446 0.6979583 -0.1016714
0 0.6734106 -1.02496E-07
-0.03303446 0.6979583 -0.1016714
0.08648705 0.6979583 -0.06283589
0.1471416 0.7642703 0.1069033
0.1729746 0.7513646 -1.151963E-07
0.1933925 0.8377791 0.06283591
-0.056202 0.7642702 0.1729748
0.05345295 0.7513644 0.164508
0 0.8377791 0.2033444
-0.1818767 0.7642709 -1.17299E-07
-0.1399396 0.7513646 0.1016715
-0.1933925 0.8377791 0.06283591
-0.056202 0.7642702 -0.172975
-0.1399396 0.7513645 -0.1016718
-0.119523 0.837779 -0.1645093
0.1471416 0.7642702 -0.1069035
0.05345295 0.7513644 -0.1645082
0.119523 0.837779 -0.1645093
0.1471416 0.7642703 0.1069033
0.1933925 0.8377791 0.06283591
0.119523 0.8377791 0.164509
-0.056202 0.7642702 0.1729748
0 0.8377791 0.2033444
-0.119523 0.8377791 0.164509
-0.1818767 0.7642709 -1.17299E-07
-0.1933925 0.8377791 0.06283591
-0.1933925 0.8377791 -0.06283616
-0.056202 0.7642702 -0.172975
-0.119523 0.837779 -0.1645093
0 0.837779 -0.2033447
0.1471416 0.7642702 -0.1069035
0.119523 0.837779 -0.1645093
0.1933925 0.8377791 -0.06283616
0.056202 0.911288 0.1729748
0.1399396 0.9241936 0.1016715
0.03303446 0.9775999 0.1016712
-0.1471416 0.9112879 0.1069032
-0.05345295 0.9241938 0.164508
-0.08648705 0.9775998 0.06283564
-0.1471416 0.9112879 -0.1069035
-0.1729746 0.9241935 -1.433537E-07
-0.08648705 0.9775998 -0.06283594
0.056202 0.911288 -0.172975
-0.05345295 0.9241937 -0.1645083
0.03303446 0.9775999 -0.1016715
0.1818767 0.9112872 -1.41251E-07
0.1399396 0.9241936 -0.1016718
0.1069043 0.9775994 -1.520547E-07
0.1069043 0.9775994 -1.520547E-07
0.03303446 0.9775999 -0.1016715
0 1.002148 -1.560541E-07
0.1069043 0.9775994 -1.520547E-07
0.1399396 0.9241936 -0.1016718
0.03303446 0.9775999 -0.1016715
0.1399396 0.9241936 -0.1016718
0.056202 0.911288 -0.172975
0.03303446 0.9775999 -0.1016715
0.03303446 0.9775999 -0.1016715
-0.08648705 0.9775998 -0.06283594
0 1.002148 -1.560541E-07
0.03303446 0.9775999 -0.1016715
-0.05345295 0.9241937 -0.1645083
-0.08648705 0.9775998 -0.06283594
-0.05345295 0.9241937 -0.1645083
-0.1471416 0.9112879 -0.1069035
-0.08648705 0.9775998 -0.06283594
-0.08648705 0.9775998 -0.06283594
-0.08648705 0.9775998 0.06283564
0 1.002148 -1.560541E-07
-0.08648705 0.9775998 -0.06283594
-0.1729746 0.9241935 -1.433537E-07
-0.08648705 0.9775998 0.06283564
-0.1729746 0.9241935 -1.433537E-07
-0.1471416 0.9112879 0.1069032
-0.08648705 0.9775998 0.06283564
-0.08648705 0.9775998 0.06283564
0.03303446 0.9775999 0.1016712
0 1.002148 -1.560541E-07
-0.08648705 0.9775998 0.06283564
-0.05345295 0.9241938 0.164508
0.03303446 0.9775999 0.1016712
-0.05345295 0.9241938 0.164508
0.056202 0.911288 0.1729748
0.03303446 0.9775999 0.1016712
0.03303446 0.9775999 0.1016712
0.1069043 0.9775994 -1.520547E-07
0 1.002148 -1.560541E-07
0.03303446 0.9775999 0.1016712
0.1399396 0.9241936 0.1016715
0.1069043 0.9775994 -1.520547E-07
0.1399396 0.9241936 0.1016715
0.1818767 0.9112872 -1.41251E-07
0.1069043 0.9775994 -1.520547E-07
0.1933925 0.8377791 -0.06283616
0.1399396 0.9241936 -0.1016718
0.1818767 0.9112872 -1.41251E-07
0.1933925 0.8377791 -0.06283616
0.119523 0.837779 -0.1645093
0.1399396 0.9241936 -0.1016718
0.119523 0.837779 -0.1645093
0.056202 0.911288 -0.172975
0.1399396 0.9241936 -0.1016718
0 0.837779 -0.2033447
-0.05345295 0.9241937 -0.1645083
0.056202 0.911288 -0.172975
0 0.837779 -0.2033447
-0.119523 0.837779 -0.1645093
-0.05345295 0.9241937 -0.1645083
-0.119523 0.837779 -0.1645093
-0.1471416 0.9112879 -0.1069035
-0.05345295 0.9241937 -0.1645083
-0.1933925 0.8377791 -0.06283616
-0.1729746 0.9241935 -1.433537E-07
-0.1471416 0.9112879 -0.1069035
-0.1933925 0.8377791 -0.06283616
-0.1933925 0.8377791 0.06283591
-0.1729746 0.9241935 -1.433537E-07
-0.1933925 0.8377791 0.06283591
-0.1471416 0.9112879 0.1069032
-0.1729746 0.9241935 -1.433537E-07
-0.119523 0.8377791 0.164509
-0.05345295 0.9241938 0.164508
-0.1471416 0.9112879 0.1069032
-0.119523 0.8377791 0.164509
0 0.8377791 0.2033444
-0.05345295 0.9241938 0.164508
0 0.8377791 0.2033444
0.056202 0.911288 0.1729748
-0.05345295 0.9241938 0.164508
0.119523 0.8377791 0.164509
0.1399396 0.9241936 0.1016715
0.056202 0.911288 0.1729748
0.119523 0.8377791 0.164509
0.1933925 0.8377791 0.06283591
0.1399396 0.9241936 0.1016715
0.1933925 0.8377791 0.06283591
0.1818767 0.9112872 -1.41251E-07
0.1399396 0.9241936 0.1016715
0.119523 0.837779 -0.1645093
0 0.837779 -0.2033447
0.056202 0.911288 -0.172975
0.119523 0.837779 -0.1645093
0.05345295 0.7513644 -0.1645082
0 0.837779 -0.2033447
0.05345295 0.7513644 -0.1645082
-0.056202 0.7642702 -0.172975
0 0.837779 -0.2033447
-0.119523 0.837779 -0.1645093
-0.1933925 0.8377791 -0.06283616
-0.1471416 0.9112879 -0.1069035
-0.119523 0.837779 -0.1645093
-0.1399396 0.7513645 -0.1016718
-0.1933925 0.8377791 -0.06283616
-0.1399396 0.7513645 -0.1016718
-0.1818767 0.7642709 -1.17299E-07
-0.1933925 0.8377791 -0.06283616
-0.1933925 0.8377791 0.06283591
-0.119523 0.8377791 0.164509
-0.1471416 0.9112879 0.1069032
-0.1933925 0.8377791 0.06283591
-0.1399396 0.7513646 0.1016715
-0.119523 0.8377791 0.164509
-0.1399396 0.7513646 0.1016715
-0.056202 0.7642702 0.1729748
-0.119523 0.8377791 0.164509
0 0.8377791 0.2033444
0.119523 0.8377791 0.164509
0.056202 0.911288 0.1729748
0 0.8377791 0.2033444
0.05345295 0.7513644 0.164508
0.119523 0.8377791 0.164509
0.05345295 0.7513644 0.164508
0.1471416 0.7642703 0.1069033
0.119523 0.8377791 0.164509
0.1933925 0.8377791 0.06283591
0.1933925 0.8377791 -0.06283616
0.1818767 0.9112872 -1.41251E-07
0.1933925 0.8377791 0.06283591
0.1729746 0.7513646 -1.151963E-07
0.1933925 0.8377791 -0.06283616
0.1729746 0.7513646 -1.151963E-07
0.1471416 0.7642702 -0.1069035
0.1933925 0.8377791 -0.06283616
0.08648705 0.6979583 -0.06283589
0.05345295 0.7513644 -0.1645082
0.1471416 0.7642702 -0.1069035
0.08648705 0.6979583 -0.06283589
-0.03303446 0.6979583 -0.1016714
0.05345295 0.7513644 -0.1645082
-0.03303446 0.6979583 -0.1016714
-0.056202 0.7642702 -0.172975
0.05345295 0.7513644 -0.1645082
-0.03303446 0.6979583 -0.1016714
-0.1399396 0.7513645 -0.1016718
-0.056202 0.7642702 -0.172975
-0.03303446 0.6979583 -0.1016714
-0.1069043 0.6979587 -1.064954E-07
-0.1399396 0.7513645 -0.1016718
-0.1069043 0.6979587 -1.064954E-07
-0.1818767 0.7642709 -1.17299E-07
-0.1399396 0.7513645 -0.1016718
-0.1069043 0.6979587 -1.064954E-07
-0.1399396 0.7513646 0.1016715
-0.1818767 0.7642709 -1.17299E-07
-0.1069043 0.6979587 -1.064954E-07
-0.03303446 0.6979583 0.1016712
-0.1399396 0.7513646 0.1016715
-0.03303446 0.6979583 0.1016712
-0.056202 0.7642702 0.1729748
-0.1399396 0.7513646 0.1016715
0.1729746 0.7513646 -1.151963E-07
0.08648705 0.6979583 -0.06283589
0.1471416 0.7642702 -0.1069035
0.1729746 0.7513646 -1.151963E-07
0.08648705 0.6979584 0.06283569
0.08648705 0.6979583 -0.06283589
0.08648705 0.6979584 0.06283569
0 0.6734106 -1.02496E-07
0.08648705 0.6979583 -0.06283589
-0.03303446 0.6979583 0.1016712
0.05345295 0.7513644 0.164508
-0.056202 0.7642702 0.1729748
-0.03303446 0.6979583 0.1016712
0.08648705 0.6979584 0.06283569
0.05345295 0.7513644 0.164508
0.08648705 0.6979584 0.06283569
0.1471416 0.7642703 0.1069033
0.05345295 0.7513644 0.164508
0 0.06064079 -2.663138E-09
0 0.06064074 -0.3183847
0.06211378 0.06064074 -0.312267
0 0.7190774 -1.099361E-07
0.009746978 0.7083803 -0.04900144
3.749831E-09 0.7083803 -0.04996144
2.812374E-09 0.5464454 -0.1170673
3.749831E-09 0.7083803 -0.04996144
0.009746978 0.7083803 -0.04900144
2.812374E-09 0.5464454 -0.1170673
0.009746978 0.7083803 -0.04900144
0.02283868 0.5464454 -0.1148178
0 0.06064079 -2.663138E-09
0.06211378 0.06064074 -0.312267
0.1218406 0.06064074 -0.2941491
0 0.7190774 -1.099361E-07
0.01911938 0.7083803 -0.04615837
0.009746978 0.7083803 -0.04900144
0.02283868 0.5464454 -0.1148178
0.009746978 0.7083803 -0.04900144
0.01911938 0.7083803 -0.04615837
0.02283868 0.5464454 -0.1148178
0.01911938 0.7083803 -0.04615837
0.04479968 0.5464454 -0.1081561
0 0.06064079 -2.663138E-09
0.1218406 0.06064074 -0.2941491
0.1768851 0.06064074 -0.2647272
0 0.7190774 -1.099361E-07
0.02775703 0.7083803 -0.04154142
0.01911938 0.7083803 -0.04615837
0.04479968 0.5464454 -0.1081561
0.01911938 0.7083803 -0.04615837
0.02775703 0.7083803 -0.04154142
0.04479968 0.5464454 -0.1081561
0.02775703 0.7083803 -0.04154142
0.06503904 0.5464454 -0.09733787
0 0.06064079 -2.663138E-09
0.1768851 0.06064074 -0.2647272
0.225132 0.06064075 -0.225132
0 0.7190774 -1.099361E-07
0.03532801 0.7083803 -0.0353281
0.02775703 0.7083803 -0.04154142
0.06503904 0.5464454 -0.09733787
0.02775703 0.7083803 -0.04154142
0.03532801 0.7083803 -0.0353281
0.06503904 0.5464454 -0.09733787
0.03532801 0.7083803 -0.0353281
0.082779 0.5464454 -0.08277906
0 0.06064079 -2.663138E-09
0.225132 0.06064075 -0.225132
0.2647272 0.06064076 -0.1768851
0 0.7190774 -1.099361E-07
0.04154133 0.7083803 -0.02775714
0.03532801 0.7083803 -0.0353281
0.082779 0.5464454 -0.08277906
0.03532801 0.7083803 -0.0353281
0.04154133 0.7083803 -0.02775714
0.082779 0.5464454 -0.08277906
0.04154133 0.7083803 -0.02775714
0.0973378 0.5464454 -0.06503912
0 0.06064079 -2.663138E-09
0.2647272 0.06064076 -0.1768851
0.2941491 0.06064077 -0.1218406
0 0.7190774 -1.099361E-07
0.04615826 0.7083803 -0.01911948
0.04154133 0.7083803 -0.02775714
0.0973378 0.5464454 -0.06503912
0.04154133 0.7083803 -0.02775714
0.04615826 0.7083803 -0.01911948
0.0973378 0.5464454 -0.06503912
0.04615826 0.7083803 -0.01911948
0.108156 0.5464454 -0.04479975
0 0.06064079 -2.663138E-09
0.2941491 0.06064077 -0.1218406
0.312267 0.06064078 -0.06211379
0 0.7190774 -1.099361E-07
0.04900135 0.7083803 -0.009747077
0.04615826 0.7083803 -0.01911948
0.108156 0.5464454 -0.04479975
0.04615826 0.7083803 -0.01911948
0.04900135 0.7083803 -0.009747077
0.108156 0.5464454 -0.04479975
0.04900135 0.7083803 -0.009747077
0.1148178 0.5464454 -0.02283875
0 0.06064079 -2.663138E-09
0.312267 0.06064078 -0.06211379
0.3183847 0.06064079 1.12539E-08
0 0.7190774 -1.099361E-07
0.04996133 0.7083803 -1.010096E-07
0.04900135 0.7083803 -0.009747077
0.1148178 0.5464454 -0.02283875
0.04900135 0.7083803 -0.009747077
0.04996133 0.7083803 -1.010096E-07
0.1148178 0.5464454 -0.02283875
0.04996133 0.7083803 -1.010096E-07
0.1170672 0.5464454 -7.294376E-08
0 0.06064079 -2.663138E-09
0.3183847 0.06064079 1.12539E-08
0.312267 0.0606408 0.06211377
0 0.7190774 -1.099361E-07
0.04900135 0.7083803 0.00974687
0.04996133 0.7083803 -1.010096E-07
0.1170672 0.5464454 -7.294376E-08
0.04996133 0.7083803 -1.010096E-07
0.04900135 0.7083803 0.00974687
0.1170672 0.5464454 -7.294376E-08
0.04900135 0.7083803 0.00974687
0.1148178 0.5464454 0.0228386
0 0.06064079 -2.663138E-09
0.312267 0.0606408 0.06211377
0.2941491 0.06064081 0.1218405
0 0.7190774 -1.099361E-07
0.04615826 0.7083803 0.01911927
0.04900135 0.7083803 0.00974687
0.1148178 0.5464454 0.0228386
0.04900135 0.7083803 0.00974687
0.04615826 0.7083803 0.01911927
0.1148178 0.5464454 0.0228386
0.04615826 0.7083803 0.01911927
0.108156 0.5464454 0.04479958
0 0.06064079 -2.663138E-09
0.2941491 0.06064081 0.1218405
0.2647272 0.06064082 0.1768851
0 0.7190774 -1.099361E-07
0.04154133 0.7083803 0.02775692
0.04615826 0.7083803 0.01911927
0.108156 0.5464454 0.04479958
0.04615826 0.7083803 0.01911927
0.04154133 0.7083803 0.02775692
0.108156 0.5464454 0.04479958
0.04154133 0.7083803 0.02775692
0.0973378 0.5464454 0.06503896
0 0.06064079 -2.663138E-09
0.2647272 0.06064082 0.1768851
0.225132 0.06064083 0.225132
0 0.7190774 -1.099361E-07
0.03532801 0.7083803 0.0353279
0.04154133 0.7083803 0.02775692
0.0973378 0.5464454 0.06503896
0.04154133 0.7083803 0.02775692
0.03532801 0.7083803 0.0353279
0.0973378 0.5464454 0.06503896
0.03532801 0.7083803 0.0353279
0.082779 0.5464454 0.08277892
0 0.06064079 -2.663138E-09
0.225132 0.06064083 0.225132
0.1768851 0.06064083 0.2647272
0 0.7190774 -1.099361E-07
0.02775703 0.7083803 0.04154123
0.03532801 0.7083803 0.0353279
0.082779 0.5464454 0.08277892
0.03532801 0.7083803 0.0353279
0.02775703 0.7083803 0.04154123
0.082779 0.5464454 0.08277892
0.02775703 0.7083803 0.04154123
0.06503904 0.5464454 0.09733772
0 0.06064079 -2.663138E-09
0.1768851 0.06064083 0.2647272
0.1218406 0.06064084 0.2941491
0 0.7190774 -1.099361E-07
0.01911938 0.7083803 0.04615815
0.02775703 0.7083803 0.04154123
0.06503904 0.5464454 0.09733772
0.02775703 0.7083803 0.04154123
0.01911938 0.7083803 0.04615815
0.06503904 0.5464454 0.09733772
0.01911938 0.7083803 0.04615815
0.04479968 0.5464454 0.1081559
0 0.06064079 -2.663138E-09
0.1218406 0.06064084 0.2941491
0.06211377 0.06064084 0.312267
0 0.7190774 -1.099361E-07
0.009746973 0.7083803 0.04900124
0.01911938 0.7083803 0.04615815
0.04479968 0.5464454 0.1081559
0.01911938 0.7083803 0.04615815
0.009746973 0.7083803 0.04900124
0.04479968 0.5464454 0.1081559
0.009746973 0.7083803 0.04900124
0.02283867 0.5464454 0.1148177
0 0.06064079 -2.663138E-09
0.06211377 0.06064084 0.312267
-2.783407E-08 0.06064084 0.3183847
0 0.7190774 -1.099361E-07
-6.179271E-10 0.7083803 0.04996122
0.009746973 0.7083803 0.04900124
0.02283867 0.5464454 0.1148177
0.009746973 0.7083803 0.04900124
-6.179271E-10 0.7083803 0.04996122
0.02283867 0.5464454 0.1148177
-6.179271E-10 0.7083803 0.04996122
-7.421964E-09 0.5464454 0.1170671
0 0.06064079 -2.663138E-09
-2.783407E-08 0.06064084 0.3183847
-0.06211375 0.06064084 0.312267
0 0.7190774 -1.099361E-07
-0.009746964 0.7083803 0.04900124
-6.179271E-10 0.7083803 0.04996122
-7.421964E-09 0.5464454 0.1170671
-6.179271E-10 0.7083803 0.04996122
-0.009746964 0.7083803 0.04900124
-7.421964E-09 0.5464454 0.1170671
-0.009746964 0.7083803 0.04900124
-0.02283866 0.5464454 0.1148177
0 0.06064079 -2.663138E-09
-0.06211375 0.06064084 0.312267
-0.1218406 0.06064084 0.2941491
0 0.7190774 -1.099361E-07
-0.01911937 0.7083803 0.04615815
-0.009746964 0.7083803 0.04900124
-0.02283866 0.5464454 0.1148177
-0.009746964 0.7083803 0.04900124
-0.01911937 0.7083803 0.04615815
-0.02283866 0.5464454 0.1148177
-0.01911937 0.7083803 0.04615815
-0.04479967 0.5464454 0.1081559
0 0.06064079 -2.663138E-09
-0.1218406 0.06064084 0.2941491
-0.1768851 0.06064083 0.2647272
0 0.7190774 -1.099361E-07
-0.02775703 0.7083803 0.04154123
-0.01911937 0.7083803 0.04615815
-0.04479967 0.5464454 0.1081559
-0.01911937 0.7083803 0.04615815
-0.02775703 0.7083803 0.04154123
-0.04479967 0.5464454 0.1081559
-0.02775703 0.7083803 0.04154123
-0.06503905 0.5464454 0.09733772
0 0.06064079 -2.663138E-09
-0.1768851 0.06064083 0.2647272
-0.225132 0.06064083 0.225132
0 0.7190774 -1.099361E-07
-0.03532799 0.7083803 0.0353279
-0.02775703 0.7083803 0.04154123
-0.06503905 0.5464454 0.09733772
-0.02775703 0.7083803 0.04154123
-0.03532799 0.7083803 0.0353279
-0.06503905 0.5464454 0.09733772
-0.03532799 0.7083803 0.0353279
-0.08277898 0.5464454 0.08277892
0 0.06064079 -2.663138E-09
-0.225132 0.06064083 0.225132
-0.2647272 0.06064082 0.1768851
0 0.7190774 -1.099361E-07
-0.04154132 0.7083803 0.02775694
-0.03532799 0.7083803 0.0353279
-0.08277898 0.5464454 0.08277892
-0.03532799 0.7083803 0.0353279
-0.04154132 0.7083803 0.02775694
-0.08277898 0.5464454 0.08277892
-0.04154132 0.7083803 0.02775694
-0.09733777 0.5464454 0.06503899
0 0.06064079 -2.663138E-09
-0.2647272 0.06064082 0.1768851
-0.2941491 0.06064081 0.1218406
0 0.7190774 -1.099361E-07
-0.04615826 0.7083803 0.01911928
-0.04154132 0.7083803 0.02775694
-0.09733777 0.5464454 0.06503899
-0.04154132 0.7083803 0.02775694
-0.04615826 0.7083803 0.01911928
-0.09733777 0.5464454 0.06503899
-0.04615826 0.7083803 0.01911928
-0.108156 0.5464454 0.04479961
0 0.06064079 -2.663138E-09
-0.2941491 0.06064081 0.1218406
-0.312267 0.0606408 0.06211379
0 0.7190774 -1.099361E-07
-0.04900133 0.7083803 0.009746875
-0.04615826 0.7083803 0.01911928
-0.108156 0.5464454 0.04479961
-0.04615826 0.7083803 0.01911928
-0.04900133 0.7083803 0.009746875
-0.108156 0.5464454 0.04479961
-0.04900133 0.7083803 0.009746875
-0.1148178 0.5464454 0.0228386
0 0.06064079 -2.663138E-09
-0.312267 0.0606408 0.06211379
-0.3183847 0.06064079 -6.459838E-09
0 0.7190774 -1.099361E-07
-0.04996133 0.7083803 -1.037893E-07
-0.04900133 0.7083803 0.009746875
-0.1148178 0.5464454 0.0228386
-0.04900133 0.7083803 0.009746875
-0.04996133 0.7083803 -1.037893E-07
-0.1148178 0.5464454 0.0228386
-0.04996133 0.7083803 -1.037893E-07
-0.1170672 0.5464454 -7.945694E-08
0 0.06064079 -2.663138E-09
-0.3183847 0.06064079 -6.459838E-09
-0.312267 0.06064078 -0.06211381
0 0.7190774 -1.099361E-07
-0.04900133 0.7083803 -0.009747081
-0.04996133 0.7083803 -1.037893E-07
-0.1170672 0.5464454 -7.945694E-08
-0.04996133 0.7083803 -1.037893E-07
-0.04900133 0.7083803 -0.009747081
-0.1170672 0.5464454 -7.945694E-08
-0.04900133 0.7083803 -0.009747081
-0.1148178 0.5464454 -0.02283876
0 0.06064079 -2.663138E-09
-0.312267 0.06064078 -0.06211381
-0.2941491 0.06064077 -0.1218406
0 0.7190774 -1.099361E-07
-0.04615824 0.7083803 -0.01911948
-0.04900133 0.7083803 -0.009747081
-0.1148178 0.5464454 -0.02283876
-0.04900133 0.7083803 -0.009747081
-0.04615824 0.7083803 -0.01911948
-0.1148178 0.5464454 -0.02283876
-0.04615824 0.7083803 -0.01911948
-0.108156 0.5464454 -0.04479976
0 0.06064079 -2.663138E-09
-0.2941491 0.06064077 -0.1218406
-0.2647272 0.06064076 -0.176885
0 0.7190774 -1.099361E-07
-0.04154133 0.7083803 -0.02775712
-0.04615824 0.7083803 -0.01911948
-0.108156 0.5464454 -0.04479976
-0.04615824 0.7083803 -0.01911948
-0.04154133 0.7083803 -0.02775712
-0.108156 0.5464454 -0.04479976
-0.04154133 0.7083803 -0.02775712
-0.09733782 0.5464454 -0.06503909
0 0.06064079 -2.663138E-09
-0.2647272 0.06064076 -0.176885
-0.225132 0.06064075 -0.225132
0 0.7190774 -1.099361E-07
-0.03532801 0.7083803 -0.0353281
-0.04154133 0.7083803 -0.02775712
-0.09733782 0.5464454 -0.06503909
-0.04154133 0.7083803 -0.02775712
-0.03532801 0.7083803 -0.0353281
-0.09733782 0.5464454 -0.06503909
-0.03532801 0.7083803 -0.0353281
-0.08277901 0.5464454 -0.08277906
0 0.06064079 -2.663138E-09
-0.225132 0.06064075 -0.225132
-0.1768851 0.06064074 -0.2647272
0 0.7190774 -1.099361E-07
-0.02775703 0.7083803 -0.04154142
-0.03532801 0.7083803 -0.0353281
-0.08277901 0.5464454 -0.08277906
-0.03532801 0.7083803 -0.0353281
-0.02775703 0.7083803 -0.04154142
-0.08277901 0.5464454 -0.08277906
-0.02775703 0.7083803 -0.04154142
-0.06503905 0.5464454 -0.09733787
0 0.06064079 -2.663138E-09
-0.1768851 0.06064074 -0.2647272
-0.1218406 0.06064074 -0.2941491
0 0.7190774 -1.099361E-07
-0.01911937 0.7083803 -0.04615835
-0.02775703 0.7083803 -0.04154142
-0.06503905 0.5464454 -0.09733787
-0.02775703 0.7083803 -0.04154142
-0.01911937 0.7083803 -0.04615835
-0.06503905 0.5464454 -0.09733787
-0.01911937 0.7083803 -0.04615835
-0.04479967 0.5464454 -0.108156
0 0.06064079 -2.663138E-09
-0.1218406 0.06064074 -0.2941491
-0.06211375 0.06064074 -0.312267
0 0.7190774 -1.099361E-07
-0.009746964 0.7083803 -0.04900144
-0.01911937 0.7083803 -0.04615835
-0.04479967 0.5464454 -0.108156
-0.01911937 0.7083803 -0.04615835
-0.009746964 0.7083803 -0.04900144
-0.04479967 0.5464454 -0.108156
-0.009746964 0.7083803 -0.04900144
-0.02283866 0.5464454 -0.1148178
0 0.06064079 -2.663138E-09
-0.06211375 0.06064074 -0.312267
0 0.06064074 -0.3183847
0 0.7190774 -1.099361E-07
3.749831E-09 0.7083803 -0.04996144
-0.009746964 0.7083803 -0.04900144
-0.02283866 0.5464454 -0.1148178
-0.009746964 0.7083803 -0.04900144
3.749831E-09 0.7083803 -0.04996144
-0.02283866 0.5464454 -0.1148178
3.749831E-09 0.7083803 -0.04996144
2.812374E-09 0.5464454 -0.1170673
-0.04902205 0.2225756 -0.2464506
-0.03593035 0.3845105 -0.1806342
1.874916E-09 0.3845105 -0.1841731
-0.04902205 0.2225756 -0.2464506
1.874916E-09 0.3845105 -0.1841731
9.374578E-10 0.2225756 -0.2512789
-0.09616026 0.2225756 -0.2321514
-0.07047996 0.3845105 -0.1701537
-0.03593035 0.3845105 -0.1806342
-0.09616026 0.2225756 -0.2321514
-0.03593035 0.3845105 -0.1806342
-0.04902205 0.2225756 -0.2464506
-0.1396031 0.2225756 -0.2089308
-0.1023211 0.3845105 -0.1531343
-0.07047996 0.3845105 -0.1701537
-0.1396031 0.2225756 -0.2089308
-0.07047996 0.3845105 -0.1701537
-0.09616026 0.2225756 -0.2321514
-0.177681 0.2225756 -0.177681
-0.13023 0.3845105 -0.13023
-0.1023211 0.3845105 -0.1531343
-0.177681 0.2225756 -0.177681
-0.1023211 0.3845105 -0.1531343
-0.1396031 0.2225756 -0.2089308
-0.2089308 0.2225756 -0.139603
-0.1531343 0.3845105 -0.1023211
-0.13023 0.3845105 -0.13023
-0.2089308 0.2225756 -0.139603
-0.13023 0.3845105 -0.13023
-0.177681 0.2225756 -0.177681
-0.2321514 0.2225756 -0.09616033
-0.1701537 0.3845105 -0.07048004
-0.1531343 0.3845105 -0.1023211
-0.2321514 0.2225756 -0.09616033
-0.1531343 0.3845105 -0.1023211
-0.2089308 0.2225756 -0.139603
-0.2464506 0.2225756 -0.04902213
-0.1806342 0.3845105 -0.03593044
-0.1701537 0.3845105 -0.07048004
-0.2464506 0.2225756 -0.04902213
-0.1701537 0.3845105 -0.07048004
-0.2321514 0.2225756 -0.09616033
-0.2512789 0.2225757 -3.07922E-08
-0.184173 0.3845105 -5.512457E-08
-0.1806342 0.3845105 -0.03593044
-0.2512789 0.2225757 -3.07922E-08
-0.1806342 0.3845105 -0.03593044
-0.2464506 0.2225756 -0.04902213
-0.2464506 0.2225757 0.04902206
-0.1806342 0.3845105 0.03593033
-0.184173 0.3845105 -5.512457E-08
-0.2464506 0.2225757 0.04902206
-0.184173 0.3845105 -5.512457E-08
-0.2512789 0.2225757 -3.07922E-08
-0.2321514 0.2225757 0.09616027
-0.1701537 0.3845105 0.07047994
-0.1806342 0.3845105 0.03593033
-0.2321514 0.2225757 0.09616027
-0.1806342 0.3845105 0.03593033
-0.2464506 0.2225757 0.04902206
-0.2089307 0.2225757 0.1396031
-0.1531342 0.3845105 0.102321
-0.1701537 0.3845105 0.07047994
-0.2089307 0.2225757 0.1396031
-0.1701537 0.3845105 0.07047994
-0.2321514 0.2225757 0.09616027
-0.177681 0.2225757 0.177681
-0.13023 0.3845105 0.1302299
-0.1531342 0.3845105 0.102321
-0.177681 0.2225757 0.177681
-0.1531342 0.3845105 0.102321
-0.2089307 0.2225757 0.1396031
-0.1396031 0.2225757 0.2089307
-0.1023211 0.3845105 0.1531342
-0.13023 0.3845105 0.1302299
-0.1396031 0.2225757 0.2089307
-0.13023 0.3845105 0.1302299
-0.177681 0.2225757 0.177681
-0.09616026 0.2225757 0.2321514
-0.07047996 0.3845105 0.1701536
-0.1023211 0.3845105 0.1531342
-0.09616026 0.2225757 0.2321514
-0.1023211 0.3845105 0.1531342
-0.1396031 0.2225757 0.2089307
-0.04902206 0.2225757 0.2464506
-0.03593036 0.3845105 0.1806341
-0.07047996 0.3845105 0.1701536
-0.04902206 0.2225757 0.2464506
-0.07047996 0.3845105 0.1701536
-0.09616026 0.2225757 0.2321514
-2.103004E-08 0.2225757 0.2512788
-1.4226E-08 0.3845105 0.184173
-0.03593036 0.3845105 0.1806341
-2.103004E-08 0.2225757 0.2512788
-0.03593036 0.3845105 0.1806341
-0.04902206 0.2225757 0.2464506
0.04902207 0.2225757 0.2464506
0.03593037 0.3845105 0.1806341
-1.4226E-08 0.3845105 0.184173
0.04902207 0.2225757 0.2464506
-1.4226E-08 0.3845105 0.184173
-2.103004E-08 0.2225757 0.2512788
0.09616027 0.2225757 0.2321514
0.07047997 0.3845105 0.1701536
0.03593037 0.3845105 0.1806341
0.09616027 0.2225757 0.2321514
0.03593037 0.3845105 0.1806341
0.04902207 0.2225757 0.2464506
0.139603 0.2225757 0.2089307
0.102321 0.3845105 0.1531342
0.07047997 0.3845105 0.1701536
0.139603 0.2225757 0.2089307
0.07047997 0.3845105 0.1701536
0.09616027 0.2225757 0.2321514
0.177681 0.2225757 0.177681
0.13023 0.3845105 0.1302299
0.102321 0.3845105 0.1531342
0.177681 0.2225757 0.177681
0.102321 0.3845105 0.1531342
0.139603 0.2225757 0.2089307
0.2089307 0.2225757 0.139603
0.1531343 0.3845105 0.102321
0.13023 0.3845105 0.1302299
0.2089307 0.2225757 0.139603
0.13023 0.3845105 0.1302299
0.177681 0.2225757 0.177681
0.2321514 0.2225757 0.09616023
0.1701537 0.3845105 0.07047991
0.1531343 0.3845105 0.102321
0.2321514 0.2225757 0.09616023
0.1531343 0.3845105 0.102321
0.2089307 0.2225757 0.139603
0.2464506 0.2225757 0.04902204
0.1806342 0.3845105 0.03593032
0.1701537 0.3845105 0.07047991
0.2464506 0.2225757 0.04902204
0.1701537 0.3845105 0.07047991
0.2321514 0.2225757 0.09616023
0.2512789 0.2225757 -1.681199E-08
0.184173 0.3845105 -4.487787E-08
0.1806342 0.3845105 0.03593032
0.2512789 0.2225757 -1.681199E-08
0.1806342 0.3845105 0.03593032
0.2464506 0.2225757 0.04902204
0.2464506 0.2225756 -0.04902211
0.1806342 0.3845105 -0.03593043
0.184173 0.3845105 -4.487787E-08
0.2464506 0.2225756 -0.04902211
0.184173 0.3845105 -4.487787E-08
0.2512789 0.2225757 -1.681199E-08
0.2321514 0.2225756 -0.09616029
0.1701537 0.3845105 -0.07048001
0.1806342 0.3845105 -0.03593043
0.2321514 0.2225756 -0.09616029
0.1806342 0.3845105 -0.03593043
0.2464506 0.2225756 -0.04902211
0.2089307 0.2225756 -0.1396031
0.1531343 0.3845105 -0.1023211
0.1701537 0.3845105 -0.07048001
0.2089307 0.2225756 -0.1396031
0.1701537 0.3845105 -0.07048001
0.2321514 0.2225756 -0.09616029
0.177681 0.2225756 -0.177681
0.13023 0.3845105 -0.13023
0.1531343 0.3845105 -0.1023211
0.177681 0.2225756 -0.177681
0.1531343 0.3845105 -0.1023211
0.2089307 0.2225756 -0.1396031
0.139603 0.2225756 -0.2089308
0.1023211 0.3845105 -0.1531343
0.13023 0.3845105 -0.13023
0.139603 0.2225756 -0.2089308
0.13023 0.3845105 -0.13023
0.177681 0.2225756 -0.177681
0.09616026 0.2225756 -0.2321514
0.07047997 0.3845105 -0.1701537
0.1023211 0.3845105 -0.1531343
0.09616026 0.2225756 -0.2321514
0.1023211 0.3845105 -0.1531343
0.139603 0.2225756 -0.2089308
0.04902207 0.2225756 -0.2464506
0.03593038 0.3845105 -0.1806342
0.07047997 0.3845105 -0.1701537
0.04902207 0.2225756 -0.2464506
0.07047997 0.3845105 -0.1701537
0.09616026 0.2225756 -0.2321514
9.374578E-10 0.2225756 -0.2512789
1.874916E-09 0.3845105 -0.1841731
0.03593038 0.3845105 -0.1806342
9.374578E-10 0.2225756 -0.2512789
0.03593038 0.3845105 -0.1806342
0.04902207 0.2225756 -0.2464506
-0.03593035 0.3845105 -0.1806342
-0.02283866 0.5464454 -0.1148178
2.812374E-09 0.5464454 -0.1170673
-0.03593035 0.3845105 -0.1806342
2.812374E-09 0.5464454 -0.1170673
1.874916E-09 0.3845105 -0.1841731
-0.07047996 0.3845105 -0.1701537
-0.04479967 0.5464454 -0.108156
-0.02283866 0.5464454 -0.1148178
-0.07047996 0.3845105 -0.1701537
-0.02283866 0.5464454 -0.1148178
-0.03593035 0.3845105 -0.1806342
-0.1023211 0.3845105 -0.1531343
-0.06503905 0.5464454 -0.09733787
-0.04479967 0.5464454 -0.108156
-0.1023211 0.3845105 -0.1531343
-0.04479967 0.5464454 -0.108156
-0.07047996 0.3845105 -0.1701537
-0.13023 0.3845105 -0.13023
-0.08277901 0.5464454 -0.08277906
-0.06503905 0.5464454 -0.09733787
-0.13023 0.3845105 -0.13023
-0.06503905 0.5464454 -0.09733787
-0.1023211 0.3845105 -0.1531343
-0.1531343 0.3845105 -0.1023211
-0.09733782 0.5464454 -0.06503909
-0.08277901 0.5464454 -0.08277906
-0.1531343 0.3845105 -0.1023211
-0.08277901 0.5464454 -0.08277906
-0.13023 0.3845105 -0.13023
-0.1701537 0.3845105 -0.07048004
-0.108156 0.5464454 -0.04479976
-0.09733782 0.5464454 -0.06503909
-0.1701537 0.3845105 -0.07048004
-0.09733782 0.5464454 -0.06503909
-0.1531343 0.3845105 -0.1023211
-0.1806342 0.3845105 -0.03593044
-0.1148178 0.5464454 -0.02283876
-0.108156 0.5464454 -0.04479976
-0.1806342 0.3845105 -0.03593044
-0.108156 0.5464454 -0.04479976
-0.1701537 0.3845105 -0.07048004
-0.184173 0.3845105 -5.512457E-08
-0.1170672 0.5464454 -7.945694E-08
-0.1148178 0.5464454 -0.02283876
-0.184173 0.3845105 -5.512457E-08
-0.1148178 0.5464454 -0.02283876
-0.1806342 0.3845105 -0.03593044
-0.1806342 0.3845105 0.03593033
-0.1148178 0.5464454 0.0228386
-0.1170672 0.5464454 -7.945694E-08
-0.1806342 0.3845105 0.03593033
-0.1170672 0.5464454 -7.945694E-08
-0.184173 0.3845105 -5.512457E-08
-0.1701537 0.3845105 0.07047994
-0.108156 0.5464454 0.04479961
-0.1148178 0.5464454 0.0228386
-0.1701537 0.3845105 0.07047994
-0.1148178 0.5464454 0.0228386
-0.1806342 0.3845105 0.03593033
-0.1531342 0.3845105 0.102321
-0.09733777 0.5464454 0.06503899
-0.108156 0.5464454 0.04479961
-0.1531342 0.3845105 0.102321
-0.108156 0.5464454 0.04479961
-0.1701537 0.3845105 0.07047994
-0.13023 0.3845105 0.1302299
-0.08277898 0.5464454 0.08277892
-0.09733777 0.5464454 0.06503899
-0.13023 0.3845105 0.1302299
-0.09733777 0.5464454 0.06503899
-0.1531342 0.3845105 0.102321
-0.1023211 0.3845105 0.1531342
-0.06503905 0.5464454 0.09733772
-0.08277898 0.5464454 0.08277892
-0.1023211 0.3845105 0.1531342
-0.08277898 0.5464454 0.08277892
-0.13023 0.3845105 0.1302299
-0.07047996 0.3845105 0.1701536
-0.04479967 0.5464454 0.1081559
-0.06503905 0.5464454 0.09733772
-0.07047996 0.3845105 0.1701536
-0.06503905 0.5464454 0.09733772
-0.1023211 0.3845105 0.1531342
-0.03593036 0.3845105 0.1806341
-0.02283866 0.5464454 0.1148177
-0.04479967 0.5464454 0.1081559
-0.03593036 0.3845105 0.1806341
-0.04479967 0.5464454 0.1081559
-0.07047996 0.3845105 0.1701536
-1.4226E-08 0.3845105 0.184173
-7.421964E-09 0.5464454 0.1170671
-0.02283866 0.5464454 0.1148177
-1.4226E-08 0.3845105 0.184173
-0.02283866 0.5464454 0.1148177
-0.03593036 0.3845105 0.1806341
0.03593037 0.3845105 0.1806341
0.02283867 0.5464454 0.1148177
-7.421964E-09 0.5464454 0.1170671
0.03593037 0.3845105 0.1806341
-7.421964E-09 0.5464454 0.1170671
-1.4226E-08 0.3845105 0.184173
0.07047997 0.3845105 0.1701536
0.04479968 0.5464454 0.1081559
0.02283867 0.5464454 0.1148177
0.07047997 0.3845105 0.1701536
0.02283867 0.5464454 0.1148177
0.03593037 0.3845105 0.1806341
0.102321 0.3845105 0.1531342
0.06503904 0.5464454 0.09733772
0.04479968 0.5464454 0.1081559
0.102321 0.3845105 0.1531342
0.04479968 0.5464454 0.1081559
0.07047997 0.3845105 0.1701536
0.13023 0.3845105 0.1302299
0.082779 0.5464454 0.08277892
0.06503904 0.5464454 0.09733772
0.13023 0.3845105 0.1302299
0.06503904 0.5464454 0.09733772
0.102321 0.3845105 0.1531342
0.1531343 0.3845105 0.102321
0.0973378 0.5464454 0.06503896
0.082779 0.5464454 0.08277892
0.1531343 0.3845105 0.102321
0.082779 0.5464454 0.08277892
0.13023 0.3845105 0.1302299
0.1701537 0.3845105 0.07047991
0.108156 0.5464454 0.04479958
0.0973378 0.5464454 0.06503896
0.1701537 0.3845105 0.07047991
0.0973378 0.5464454 0.06503896
0.1531343 0.3845105 0.102321
0.1806342 0.3845105 0.03593032
0.1148178 0.5464454 0.0228386
0.108156 0.5464454 0.04479958
0.1806342 0.3845105 0.03593032
0.108156 0.5464454 0.04479958
0.1701537 0.3845105 0.07047991
0.184173 0.3845105 -4.487787E-08
0.1170672 0.5464454 -7.294376E-08
0.1148178 0.5464454 0.0228386
0.184173 0.3845105 -4.487787E-08
0.1148178 0.5464454 0.0228386
0.1806342 0.3845105 0.03593032
0.1806342 0.3845105 -0.03593043
0.1148178 0.5464454 -0.02283875
0.1170672 0.5464454 -7.294376E-08
0.1806342 0.3845105 -0.03593043
0.1170672 0.5464454 -7.294376E-08
0.184173 0.3845105 -4.487787E-08
0.1701537 0.3845105 -0.07048001
0.108156 0.5464454 -0.04479975
0.1148178 0.5464454 -0.02283875
0.1701537 0.3845105 -0.07048001
0.1148178 0.5464454 -0.02283875
0.1806342 0.3845105 -0.03593043
0.1531343 0.3845105 -0.1023211
0.0973378 0.5464454 -0.06503912
0.108156 0.5464454 -0.04479975
0.1531343 0.3845105 -0.1023211
0.108156 0.5464454 -0.04479975
0.1701537 0.3845105 -0.07048001
0.13023 0.3845105 -0.13023
0.082779 0.5464454 -0.08277906
0.0973378 0.5464454 -0.06503912
0.13023 0.3845105 -0.13023
0.0973378 0.5464454 -0.06503912
0.1531343 0.3845105 -0.1023211
0.1023211 0.3845105 -0.1531343
0.06503904 0.5464454 -0.09733787
0.082779 0.5464454 -0.08277906
0.1023211 0.3845105 -0.1531343
0.082779 0.5464454 -0.08277906
0.13023 0.3845105 -0.13023
0.07047997 0.3845105 -0.1701537
0.04479968 0.5464454 -0.1081561
0.06503904 0.5464454 -0.09733787
0.07047997 0.3845105 -0.1701537
0.06503904 0.5464454 -0.09733787
0.1023211 0.3845105 -0.1531343
0.03593038 0.3845105 -0.1806342
0.02283868 0.5464454 -0.1148178
0.04479968 0.5464454 -0.1081561
0.03593038 0.3845105 -0.1806342
0.04479968 0.5464454 -0.1081561
0.07047997 0.3845105 -0.1701537
1.874916E-09 0.3845105 -0.1841731
2.812374E-09 0.5464454 -0.1170673
0.02283868 0.5464454 -0.1148178
1.874916E-09 0.3845105 -0.1841731
0.02283868 0.5464454 -0.1148178
0.03593038 0.3845105 -0.1806342
0 0.06064074 -0.3183847
9.374578E-10 0.2225756 -0.2512789
0.04902207 0.2225756 -0.2464506
0 0.06064074 -0.3183847
0.04902207 0.2225756 -0.2464506
0.06211378 0.06064074 -0.312267
0.06211378 0.06064074 -0.312267
0.04902207 0.2225756 -0.2464506
0.09616026 0.2225756 -0.2321514
0.06211378 0.06064074 -0.312267
0.09616026 0.2225756 -0.2321514
0.1218406 0.06064074 -0.2941491
0.1218406 0.06064074 -0.2941491
0.09616026 0.2225756 -0.2321514
0.139603 0.2225756 -0.2089308
0.1218406 0.06064074 -0.2941491
0.139603 0.2225756 -0.2089308
0.1768851 0.06064074 -0.2647272
0.1768851 0.06064074 -0.2647272
0.139603 0.2225756 -0.2089308
0.177681 0.2225756 -0.177681
0.1768851 0.06064074 -0.2647272
0.177681 0.2225756 -0.177681
0.225132 0.06064075 -0.225132
0.225132 0.06064075 -0.225132
0.177681 0.2225756 -0.177681
0.2089307 0.2225756 -0.1396031
0.225132 0.06064075 -0.225132
0.2089307 0.2225756 -0.1396031
0.2647272 0.06064076 -0.1768851
0.2647272 0.06064076 -0.1768851
0.2089307 0.2225756 -0.1396031
0.2321514 0.2225756 -0.09616029
0.2647272 0.06064076 -0.1768851
0.2321514 0.2225756 -0.09616029
0.2941491 0.06064077 -0.1218406
0.2941491 0.06064077 -0.1218406
0.2321514 0.2225756 -0.09616029
0.2464506 0.2225756 -0.04902211
0.2941491 0.06064077 -0.1218406
0.2464506 0.2225756 -0.04902211
0.312267 0.06064078 -0.06211379
0.312267 0.06064078 -0.06211379
0.2464506 0.2225756 -0.04902211
0.2512789 0.2225757 -1.681199E-08
0.312267 0.06064078 -0.06211379
0.2512789 0.2225757 -1.681199E-08
0.3183847 0.06064079 1.12539E-08
0.3183847 0.06064079 1.12539E-08
0.2512789 0.2225757 -1.681199E-08
0.2464506 0.2225757 0.04902204
0.3183847 0.06064079 1.12539E-08
0.2464506 0.2225757 0.04902204
0.312267 0.0606408 0.06211377
0.312267 0.0606408 0.06211377
0.2464506 0.2225757 0.04902204
0.2321514 0.2225757 0.09616023
0.312267 0.0606408 0.06211377
0.2321514 0.2225757 0.09616023
0.2941491 0.06064081 0.1218405
0.2941491 0.06064081 0.1218405
0.2321514 0.2225757 0.09616023
0.2089307 0.2225757 0.139603
0.2941491 0.06064081 0.1218405
0.2089307 0.2225757 0.139603
0.2647272 0.06064082 0.1768851
0.2647272 0.06064082 0.1768851
0.2089307 0.2225757 0.139603
0.177681 0.2225757 0.177681
0.2647272 0.06064082 0.1768851
0.177681 0.2225757 0.177681
0.225132 0.06064083 0.225132
0.225132 0.06064083 0.225132
0.177681 0.2225757 0.177681
0.139603 0.2225757 0.2089307
0.225132 0.06064083 0.225132
0.139603 0.2225757 0.2089307
0.1768851 0.06064083 0.2647272
0.1768851 0.06064083 0.2647272
0.139603 0.2225757 0.2089307
0.09616027 0.2225757 0.2321514
0.1768851 0.06064083 0.2647272
0.09616027 0.2225757 0.2321514
0.1218406 0.06064084 0.2941491
0.1218406 0.06064084 0.2941491
0.09616027 0.2225757 0.2321514
0.04902207 0.2225757 0.2464506
0.1218406 0.06064084 0.2941491
0.04902207 0.2225757 0.2464506
0.06211377 0.06064084 0.312267
0.06211377 0.06064084 0.312267
0.04902207 0.2225757 0.2464506
-2.103004E-08 0.2225757 0.2512788
0.06211377 0.06064084 0.312267
-2.103004E-08 0.2225757 0.2512788
-2.783407E-08 0.06064084 0.3183847
-2.783407E-08 0.06064084 0.3183847
-2.103004E-08 0.2225757 0.2512788
-0.04902206 0.2225757 0.2464506
-2.783407E-08 0.06064084 0.3183847
-0.04902206 0.2225757 0.2464506
-0.06211375 0.06064084 0.312267
-0.06211375 0.06064084 0.312267
-0.04902206 0.2225757 0.2464506
-0.09616026 0.2225757 0.2321514
-0.06211375 0.06064084 0.312267
-0.09616026 0.2225757 0.2321514
-0.1218406 0.06064084 0.2941491
-0.1218406 0.06064084 0.2941491
-0.09616026 0.2225757 0.2321514
-0.1396031 0.2225757 0.2089307
-0.1218406 0.06064084 0.2941491
-0.1396031 0.2225757 0.2089307
-0.1768851 0.06064083 0.2647272
-0.1768851 0.06064083 0.2647272
-0.1396031 0.2225757 0.2089307
-0.177681 0.2225757 0.177681
-0.1768851 0.06064083 0.2647272
-0.177681 0.2225757 0.177681
-0.225132 0.06064083 0.225132
-0.225132 0.06064083 0.225132
-0.177681 0.2225757 0.177681
-0.2089307 0.2225757 0.1396031
-0.225132 0.06064083 0.225132
-0.2089307 0.2225757 0.1396031
-0.2647272 0.06064082 0.1768851
-0.2647272 0.06064082 0.1768851
-0.2089307 0.2225757 0.1396031
-0.2321514 0.2225757 0.09616027
-0.2647272 0.06064082 0.1768851
-0.2321514 0.2225757 0.09616027
-0.2941491 0.06064081 0.1218406
-0.2941491 0.06064081 0.1218406
-0.2321514 0.2225757 0.09616027
-0.2464506 0.2225757 0.04902206
-0.2941491 0.06064081 0.1218406
-0.2464506 0.2225757 0.04902206
-0.312267 0.0606408 0.06211379
-0.312267 0.0606408 0.06211379
-0.2464506 0.2225757 0.04902206
-0.2512789 0.2225757 -3.07922E-08
-0.312267 0.0606408 0.06211379
-0.2512789 0.2225757 -3.07922E-08
-0.3183847 0.06064079 -6.459838E-09
-0.3183847 0.06064079 -6.459838E-09
-0.2512789 0.2225757 -3.07922E-08
-0.2464506 0.2225756 -0.04902213
-0.3183847 0.06064079 -6.459838E-09
-0.2464506 0.2225756 -0.04902213
-0.312267 0.06064078 -0.06211381
-0.312267 0.06064078 -0.06211381
-0.2464506 0.2225756 -0.04902213
-0.2321514 0.2225756 -0.09616033
-0.312267 0.06064078 -0.06211381
-0.2321514 0.2225756 -0.09616033
-0.2941491 0.06064077 -0.1218406
-0.2941491 0.06064077 -0.1218406
-0.2321514 0.2225756 -0.09616033
-0.2089308 0.2225756 -0.139603
-0.2941491 0.06064077 -0.1218406
-0.2089308 0.2225756 -0.139603
-0.2647272 0.06064076 -0.176885
-0.2647272 0.06064076 -0.176885
-0.2089308 0.2225756 -0.139603
-0.177681 0.2225756 -0.177681
-0.2647272 0.06064076 -0.176885
-0.177681 0.2225756 -0.177681
-0.225132 0.06064075 -0.225132
-0.225132 0.06064075 -0.225132
-0.177681 0.2225756 -0.177681
-0.1396031 0.2225756 -0.2089308
-0.225132 0.06064075 -0.225132
-0.1396031 0.2225756 -0.2089308
-0.1768851 0.06064074 -0.2647272
-0.1768851 0.06064074 -0.2647272
-0.1396031 0.2225756 -0.2089308
-0.09616026 0.2225756 -0.2321514
-0.1768851 0.06064074 -0.2647272
-0.09616026 0.2225756 -0.2321514
-0.1218406 0.06064074 -0.2941491
-0.1218406 0.06064074 -0.2941491
-0.09616026 0.2225756 -0.2321514
-0.04902205 0.2225756 -0.2464506
-0.1218406 0.06064074 -0.2941491
-0.04902205 0.2225756 -0.2464506
-0.06211375 0.06064074 -0.312267
-0.06211375 0.06064074 -0.312267
-0.04902205 0.2225756 -0.2464506
9.374578E-10 0.2225756 -0.2512789
-0.06211375 0.06064074 -0.312267
9.374578E-10 0.2225756 -0.2512789
0 0.06064074 -0.3183847