0 -0.08925798 -0.5
0 0.09869869 -0.5
0.09754516 0.09869869 -0.4903926
0 -0.08925798 -0.5
0.09754516 0.09869869 -0.4903926
0.09754516 -0.08925798 -0.4903926
0.09754516 -0.08925798 -0.4903926
0.09754516 0.09869869 -0.4903926
0.1913417 0.0986987 -0.4619398
0.09754516 -0.08925798 -0.4903926
0.1913417 0.0986987 -0.4619398
0.1913417 -0.08925797 -0.4619397
0.1913417 -0.08925797 -0.4619397
0.1913417 0.0986987 -0.4619398
0.2777851 0.09869871 -0.4157348
0.1913417 -0.08925797 -0.4619397
0.2777851 0.09869871 -0.4157348
0.2777851 -0.08925796 -0.4157348
0.2777851 -0.08925796 -0.4157348
0.2777851 0.09869871 -0.4157348
0.3535534 0.09869871 -0.3535534
0.2777851 -0.08925796 -0.4157348
0.3535534 0.09869871 -0.3535534
0.3535534 -0.08925796 -0.3535534
0.3535534 -0.08925796 -0.3535534
0.3535534 0.09869871 -0.3535534
0.4157348 0.09869873 -0.2777851
0.3535534 -0.08925796 -0.3535534
0.4157348 0.09869873 -0.2777851
0.4157348 -0.08925794 -0.2777851
0.4157348 -0.08925794 -0.2777851
0.4157348 0.09869873 -0.2777851
0.4619398 0.09869874 -0.1913417
0.4157348 -0.08925794 -0.2777851
0.4619398 0.09869874 -0.1913417
0.4619398 -0.08925793 -0.1913417
0.4619398 -0.08925793 -0.1913417
0.4619398 0.09869874 -0.1913417
0.4903926 0.09869876 -0.09754518
0.4619398 -0.08925793 -0.1913417
0.4903926 0.09869876 -0.09754518
0.4903926 -0.08925791 -0.09754515
0.4903926 -0.08925791 -0.09754515
0.4903926 0.09869876 -0.09754518
0.5 0.09869877 1.299212E-08
0.4903926 -0.08925791 -0.09754515
0.5 0.09869877 1.299212E-08
0.5 -0.0892579 4.361415E-08
0.5 -0.0892579 4.361415E-08
0.5 0.09869877 1.299212E-08
0.4903926 0.09869879 0.09754515
0.5 -0.0892579 4.361415E-08
0.4903926 0.09869879 0.09754515
0.4903926 -0.08925788 0.09754518
0.4903926 -0.08925788 0.09754518
0.4903926 0.09869879 0.09754515
0.4619398 0.0986988 0.1913417
0.4903926 -0.08925788 0.09754518
0.4619398 0.0986988 0.1913417
0.4619398 -0.08925787 0.1913417
0.4619398 -0.08925787 0.1913417
0.4619398 0.0986988 0.1913417
0.4157348 0.09869882 0.2777851
0.4619398 -0.08925787 0.1913417
0.4157348 0.09869882 0.2777851
0.4157348 -0.08925785 0.2777851
0.4157348 -0.08925785 0.2777851
0.4157348 0.09869882 0.2777851
0.3535534 0.09869883 0.3535534
0.4157348 -0.08925785 0.2777851
0.3535534 0.09869883 0.3535534
0.3535534 -0.08925784 0.3535534
0.3535534 -0.08925784 0.3535534
0.3535534 0.09869883 0.3535534
0.2777851 0.09869884 0.4157348
0.3535534 -0.08925784 0.3535534
0.2777851 0.09869884 0.4157348
0.2777851 -0.08925783 0.4157349
0.2777851 -0.08925783 0.4157349
0.2777851 0.09869884 0.4157348
0.1913417 0.09869885 0.4619398
0.2777851 -0.08925783 0.4157349
0.1913417 0.09869885 0.4619398
0.1913417 -0.08925782 0.4619398
0.1913417 -0.08925782 0.4619398
0.1913417 0.09869885 0.4619398
0.09754515 0.09869885 0.4903927
0.1913417 -0.08925782 0.4619398
0.09754515 0.09869885 0.4903927
0.09754515 -0.08925781 0.4903927
0.09754515 -0.08925781 0.4903927
0.09754515 0.09869885 0.4903927
-4.371139E-08 0.09869885 0.5
0.09754515 -0.08925781 0.4903927
-4.371139E-08 0.09869885 0.5
-4.371139E-08 -0.08925781 0.5
-4.371139E-08 -0.08925781 0.5
-4.371139E-08 0.09869885 0.5
-0.09754512 0.09869885 0.4903927
-4.371139E-08 -0.08925781 0.5
-0.09754512 0.09869885 0.4903927
-0.09754512 -0.08925781 0.4903927
-0.09754512 -0.08925781 0.4903927
-0.09754512 0.09869885 0.4903927
-0.1913417 0.09869885 0.4619398
-0.09754512 -0.08925781 0.4903927
-0.1913417 0.09869885 0.4619398
-0.1913417 -0.08925782 0.4619398
-0.1913417 -0.08925782 0.4619398
-0.1913417 0.09869885 0.4619398
-0.2777852 0.09869884 0.4157348
-0.1913417 -0.08925782 0.4619398
-0.2777852 0.09869884 0.4157348
-0.2777852 -0.08925783 0.4157348
-0.2777852 -0.08925783 0.4157348
-0.2777852 0.09869884 0.4157348
-0.3535534 0.09869883 0.3535534
-0.2777852 -0.08925783 0.4157348
-0.3535534 0.09869883 0.3535534
-0.3535534 -0.08925784 0.3535534
-0.3535534 -0.08925784 0.3535534
-0.3535534 0.09869883 0.3535534
-0.4157347 0.09869882 0.2777852
-0.3535534 -0.08925784 0.3535534
-0.4157347 0.09869882 0.2777852
-0.4157347 -0.08925785 0.2777852
-0.4157347 -0.08925785 0.2777852
-0.4157347 0.09869882 0.2777852
-0.4619398 0.0986988 0.1913418
-0.4157347 -0.08925785 0.2777852
-0.4619398 0.0986988 0.1913418
-0.4619398 -0.08925787 0.1913418
-0.4619398 -0.08925787 0.1913418
-0.4619398 0.0986988 0.1913418
-0.4903926 0.09869879 0.09754518
-0.4619398 -0.08925787 0.1913418
-0.4903926 0.09869879 0.09754518
-0.4903926 -0.08925788 0.09754521
-0.4903926 -0.08925788 0.09754521
-0.4903926 0.09869879 0.09754518
-0.5 0.09869877 -1.482601E-08
-0.4903926 -0.08925788 0.09754521
-0.5 0.09869877 -1.482601E-08
-0.5 -0.0892579 1.579602E-08
-0.5 -0.0892579 1.579602E-08
-0.5 0.09869877 -1.482601E-08
-0.4903926 0.09869876 -0.09754521
-0.5 -0.0892579 1.579602E-08
-0.4903926 0.09869876 -0.09754521
-0.4903926 -0.08925791 -0.09754518
-0.4903926 -0.08925791 -0.09754518
-0.4903926 0.09869876 -0.09754521
-0.4619397 0.09869874 -0.1913418
-0.4903926 -0.08925791 -0.09754518
-0.4619397 0.09869874 -0.1913418
-0.4619397 -0.08925793 -0.1913418
-0.4619397 -0.08925793 -0.1913418
-0.4619397 0.09869874 -0.1913418
-0.4157349 0.09869873 -0.277785
-0.4619397 -0.08925793 -0.1913418
-0.4157349 0.09869873 -0.277785
-0.4157349 -0.08925794 -0.277785
-0.4157349 -0.08925794 -0.277785
-0.4157349 0.09869873 -0.277785
-0.3535534 0.09869871 -0.3535534
-0.4157349 -0.08925794 -0.277785
-0.3535534 0.09869871 -0.3535534
-0.3535534 -0.08925796 -0.3535533
-0.3535534 -0.08925796 -0.3535533
-0.3535534 0.09869871 -0.3535534
-0.2777852 0.09869871 -0.4157348
-0.3535534 -0.08925796 -0.3535533
-0.2777852 0.09869871 -0.4157348
-0.2777852 -0.08925796 -0.4157348
-0.2777852 -0.08925796 -0.4157348
-0.2777852 0.09869871 -0.4157348
-0.1913417 0.0986987 -0.4619398
-0.2777852 -0.08925796 -0.4157348
-0.1913417 0.0986987 -0.4619398
-0.1913417 -0.08925797 -0.4619398
0.09754516 0.09869869 -0.4903926
0 0.09869869 -0.5
-0.09754512 0.09869869 -0.4903927
0.09754516 0.09869869 -0.4903926
-0.09754512 0.09869869 -0.4903927
-0.1913417 0.0986987 -0.4619398
0.09754516 0.09869869 -0.4903926
-0.1913417 0.0986987 -0.4619398
-0.2777852 0.09869871 -0.4157348
0.09754516 0.09869869 -0.4903926
-0.2777852 0.09869871 -0.4157348
-0.3535534 0.09869871 -0.3535534
0.09754516 0.09869869 -0.4903926
-0.3535534 0.09869871 -0.3535534
-0.4157349 0.09869873 -0.277785
0.09754516 0.09869869 -0.4903926
-0.4157349 0.09869873 -0.277785
-0.4619397 0.09869874 -0.1913418
0.09754516 0.09869869 -0.4903926
-0.4619397 0.09869874 -0.1913418
-0.4903926 0.09869876 -0.09754521
0.09754516 0.09869869 -0.4903926
-0.4903926 0.09869876 -0.09754521
-0.5 0.09869877 -1.482601E-08
0.09754516 0.09869869 -0.4903926
-0.5 0.09869877 -1.482601E-08
-0.4903926 0.09869879 0.09754518
0.09754516 0.09869869 -0.4903926
-0.4903926 0.09869879 0.09754518
-0.4619398 0.0986988 0.1913418
0.09754516 0.09869869 -0.4903926
-0.4619398 0.0986988 0.1913418
-0.4157347 0.09869882 0.2777852
0.09754516 0.09869869 -0.4903926
-0.4157347 0.09869882 0.2777852
-0.3535534 0.09869883 0.3535534
0.09754516 0.09869869 -0.4903926
-0.3535534 0.09869883 0.3535534
-0.2777852 0.09869884 0.4157348
0.09754516 0.09869869 -0.4903926
-0.2777852 0.09869884 0.4157348
-0.1913417 0.09869885 0.4619398
0.09754516 0.09869869 -0.4903926
-0.1913417 0.09869885 0.4619398
-0.09754512 0.09869885 0.4903927
0.09754516 0.09869869 -0.4903926
-0.09754512 0.09869885 0.4903927
-4.371139E-08 0.09869885 0.5
0.09754516 0.09869869 -0.4903926
-4.371139E-08 0.09869885 0.5
0.09754515 0.09869885 0.4903927
0.09754516 0.09869869 -0.4903926
0.09754515 0.09869885 0.4903927
0.1913417 0.09869885 0.4619398
0.09754516 0.09869869 -0.4903926
0.1913417 0.09869885 0.4619398
0.2777851 0.09869884 0.4157348
0.09754516 0.09869869 -0.4903926
0.2777851 0.09869884 0.4157348
0.3535534 0.09869883 0.3535534
0.09754516 0.09869869 -0.4903926
0.3535534 0.09869883 0.3535534
0.4157348 0.09869882 0.2777851
0.09754516 0.09869869 -0.4903926
0.4157348 0.09869882 0.2777851
0.4619398 0.0986988 0.1913417
0.09754516 0.09869869 -0.4903926
0.4619398 0.0986988 0.1913417
0.4903926 0.09869879 0.09754515
0.09754516 0.09869869 -0.4903926
0.4903926 0.09869879 0.09754515
0.5 0.09869877 1.299212E-08
0.09754516 0.09869869 -0.4903926
0.5 0.09869877 1.299212E-08
0.4903926 0.09869876 -0.09754518
0.09754516 0.09869869 -0.4903926
0.4903926 0.09869876 -0.09754518
0.4619398 0.09869874 -0.1913417
0.09754516 0.09869869 -0.4903926
0.4619398 0.09869874 -0.1913417
0.4157348 0.09869873 -0.2777851
0.09754516 0.09869869 -0.4903926
0.4157348 0.09869873 -0.2777851
0.3535534 0.09869871 -0.3535534
0.09754516 0.09869869 -0.4903926
0.3535534 0.09869871 -0.3535534
0.2777851 0.09869871 -0.4157348
0.09754516 0.09869869 -0.4903926
0.2777851 0.09869871 -0.4157348
0.1913417 0.0986987 -0.4619398
-0.1913417 -0.08925797 -0.4619398
-0.1913417 0.0986987 -0.4619398
-0.09754512 0.09869869 -0.4903927
-0.1913417 -0.08925797 -0.4619398
-0.09754512 0.09869869 -0.4903927
-0.09754512 -0.08925798 -0.4903926
-0.09754512 -0.08925798 -0.4903926
-0.09754512 0.09869869 -0.4903927
0 0.09869869 -0.5
-0.09754512 -0.08925798 -0.4903926
0 0.09869869 -0.5
0 -0.08925798 -0.5
0 -0.08925798 -0.5
0.09754516 -0.08925798 -0.4903926
0.1913417 -0.08925797 -0.4619397
0 -0.08925798 -0.5
0.1913417 -0.08925797 -0.4619397
0.2777851 -0.08925796 -0.4157348
0 -0.08925798 -0.5
0.2777851 -0.08925796 -0.4157348
0.3535534 -0.08925796 -0.3535534
0 -0.08925798 -0.5
0.3535534 -0.08925796 -0.3535534
0.4157348 -0.08925794 -0.2777851
0 -0.08925798 -0.5
0.4157348 -0.08925794 -0.2777851
0.4619398 -0.08925793 -0.1913417
0 -0.08925798 -0.5
0.4619398 -0.08925793 -0.1913417
0.4903926 -0.08925791 -0.09754515
0 -0.08925798 -0.5
0.4903926 -0.08925791 -0.09754515
0.5 -0.0892579 4.361415E-08
0 -0.08925798 -0.5
0.5 -0.0892579 4.361415E-08
0.4903926 -0.08925788 0.09754518
0 -0.08925798 -0.5
0.4903926 -0.08925788 0.09754518
0.4619398 -0.08925787 0.1913417
0 -0.08925798 -0.5
0.4619398 -0.08925787 0.1913417
0.4157348 -0.08925785 0.2777851
0 -0.08925798 -0.5
0.4157348 -0.08925785 0.2777851
0.3535534 -0.08925784 0.3535534
0 -0.08925798 -0.5
0.3535534 -0.08925784 0.3535534
0.2777851 -0.08925783 0.4157349
0 -0.08925798 -0.5
0.2777851 -0.08925783 0.4157349
0.1913417 -0.08925782 0.4619398
0 -0.08925798 -0.5
0.1913417 -0.08925782 0.4619398
0.09754515 -0.08925781 0.4903927
0 -0.08925798 -0.5
0.09754515 -0.08925781 0.4903927
-4.371139E-08 -0.08925781 0.5
0 -0.08925798 -0.5
-4.371139E-08 -0.08925781 0.5
-0.09754512 -0.08925781 0.4903927
0 -0.08925798 -0.5
-0.09754512 -0.08925781 0.4903927
-0.1913417 -0.08925782 0.4619398
0 -0.08925798 -0.5
-0.1913417 -0.08925782 0.4619398
-0.2777852 -0.08925783 0.4157348
0 -0.08925798 -0.5
-0.2777852 -0.08925783 0.4157348
-0.3535534 -0.08925784 0.3535534
0 -0.08925798 -0.5
-0.3535534 -0.08925784 0.3535534
-0.4157347 -0.08925785 0.2777852
0 -0.08925798 -0.5
-0.4157347 -0.08925785 0.2777852
-0.4619398 -0.08925787 0.1913418
0 -0.08925798 -0.5
-0.4619398 -0.08925787 0.1913418
-0.4903926 -0.08925788 0.09754521
0 -0.08925798 -0.5
-0.4903926 -0.08925788 0.09754521
-0.5 -0.0892579 1.579602E-08
0 -0.08925798 -0.5
-0.5 -0.0892579 1.579602E-08
-0.4903926 -0.08925791 -0.09754518
0 -0.08925798 -0.5
-0.4903926 -0.08925791 -0.09754518
-0.4619397 -0.08925793 -0.1913418
0 -0.08925798 -0.5
-0.4619397 -0.08925793 -0.1913418
-0.4157349 -0.08925794 -0.277785
0 -0.08925798 -0.5
-0.4157349 -0.08925794 -0.277785
-0.3535534 -0.08925796 -0.3535533
0 -0.08925798 -0.5
-0.3535534 -0.08925796 -0.3535533
-0.2777852 -0.08925796 -0.4157348
0 -0.08925798 -0.5
-0.2777852 -0.08925796 -0.4157348
-0.1913417 -0.08925797 -0.4619398
0 -0.08925798 -0.5
-0.1913417 -0.08925797 -0.4619398
-0.09754512 -0.08925798 -0.4903926
4.592211E-06 1.810742 -0.01398227
-0.002724181 1.810742 -0.01371352
-0.005348087 1.810742 -0.01291758
4.592211E-06 1.810742 -0.01398227
-0.005348087 1.810742 -0.01291758
-0.007766301 1.810742 -0.01162502
4.592211E-06 1.810742 -0.01398227
-0.007766301 1.810742 -0.01162502
-0.00988587 1.810742 -0.009885523
4.592211E-06 1.810742 -0.01398227
-0.00988587 1.810742 -0.009885523
-0.01162536 1.810742 -0.007765939
4.592211E-06 1.810742 -0.01398227
-0.01162536 1.810742 -0.007765939
-0.01291792 1.810742 -0.005347739
4.592211E-06 1.810742 -0.01398227
-0.01291792 1.810742 -0.005347739
-0.01371387 1.810742 -0.002723829
4.592211E-06 1.810742 -0.01398227
-0.01371387 1.810742 -0.002723829
-0.01398262 1.810742 4.944608E-06
4.592211E-06 1.810742 -0.01398227
-0.01398262 1.810742 4.944608E-06
-0.01371387 1.810742 0.002733719
4.592211E-06 1.810742 -0.01398227
-0.01371387 1.810742 0.002733719
-0.01291792 1.810742 0.005357628
4.592211E-06 1.810742 -0.01398227
-0.01291792 1.810742 0.005357628
-0.01162536 1.810742 0.007775835
4.592211E-06 1.810742 -0.01398227
-0.01162536 1.810742 0.007775835
-0.00988587 1.810742 0.009895404
4.592211E-06 1.810742 -0.01398227
-0.00988587 1.810742 0.009895404
-0.007766301 1.810742 0.01163491
4.592211E-06 1.810742 -0.01398227
-0.007766301 1.810742 0.01163491
-0.005348087 1.810742 0.01292744
4.592211E-06 1.810742 -0.01398227
-0.005348087 1.810742 0.01292744
-0.002724181 1.810742 0.01372342
4.592211E-06 1.810742 -0.01398227
-0.002724181 1.810742 0.01372342
4.590988E-06 1.810742 0.01399217
4.592211E-06 1.810742 -0.01398227
4.590988E-06 1.810742 0.01399217
0.002733365 1.810742 0.01372342
4.592211E-06 1.810742 -0.01398227
0.002733365 1.810742 0.01372342
0.005357273 1.810742 0.01292744
4.592211E-06 1.810742 -0.01398227
0.005357273 1.810742 0.01292744
0.007775471 1.810742 0.01163491
4.592211E-06 1.810742 -0.01398227
0.007775471 1.810742 0.01163491
0.009895053 1.810742 0.009895404
4.592211E-06 1.810742 -0.01398227
0.009895053 1.810742 0.009895404
0.01163453 1.810742 0.007775835
4.592211E-06 1.810742 -0.01398227
0.01163453 1.810742 0.007775835
0.01292709 1.810742 0.005357619
4.592211E-06 1.810742 -0.01398227
0.01292709 1.810742 0.005357619
0.01372306 1.810742 0.002733719
4.592211E-06 1.810742 -0.01398227
0.01372306 1.810742 0.002733719
0.01399182 1.810742 4.945386E-06
4.592211E-06 1.810742 -0.01398227
0.01399182 1.810742 4.945386E-06
0.01372306 1.810742 -0.002723829
4.592211E-06 1.810742 -0.01398227
0.01372306 1.810742 -0.002723829
0.01292709 1.810742 -0.00534773
4.592211E-06 1.810742 -0.01398227
0.01292709 1.810742 -0.00534773
0.01163453 1.810742 -0.007765939
4.592211E-06 1.810742 -0.01398227
0.01163453 1.810742 -0.007765939
0.009895053 1.810742 -0.009885523
4.592211E-06 1.810742 -0.01398227
0.009895053 1.810742 -0.009885523
0.007775486 1.810742 -0.01162502
4.592211E-06 1.810742 -0.01398227
0.007775486 1.810742 -0.01162502
0.005357273 1.810742 -0.01291758
4.592211E-06 1.810742 -0.01398227
0.005357273 1.810742 -0.01291758
0.002733365 1.810742 -0.01371352
-0.1447716 0.07894132 -0.3495159
-0.005348087 1.810742 -0.01291758
-0.002724181 1.810742 -0.01371352
-0.1447716 0.07894132 -0.3495159
-0.002724181 1.810742 -0.01371352
-0.0738017 0.07894132 -0.3710442
-0.2675071 0.07894133 -0.2675066
-0.00988587 1.810742 -0.009885523
-0.007766301 1.810742 -0.01162502
-0.2675071 0.07894133 -0.2675066
-0.007766301 1.810742 -0.01162502
-0.2101781 0.07894132 -0.3145554
-0.3495164 0.07894135 -0.1447712
-0.01291792 1.810742 -0.005347739
-0.01162536 1.810742 -0.007765939
-0.3495164 0.07894135 -0.1447712
-0.01162536 1.810742 -0.007765939
-0.3145559 0.07894135 -0.2101772
-0.3783138 0.07894138 5.23407E-06
-0.01398262 1.810742 4.944608E-06
-0.01371387 1.810742 -0.002723829
-0.3783138 0.07894138 5.23407E-06
-0.01371387 1.810742 -0.002723829
-0.3710446 0.07894137 -0.07380111
-0.3495164 0.0789414 0.1447816
-0.01291792 1.810742 0.005357628
-0.01371387 1.810742 0.002733719
-0.3495164 0.0789414 0.1447816
-0.01371387 1.810742 0.002733719
-0.3710446 0.07894139 0.07381158
-0.2675071 0.07894142 0.2675169
-0.00988587 1.810742 0.009895404
-0.01162536 1.810742 0.007775835
-0.2675071 0.07894142 0.2675169
-0.01162536 1.810742 0.007775835
-0.3145559 0.07894141 0.2101879
4.636811E-06 0.07894132 -0.3783132
4.592211E-06 1.810742 -0.01398227
0.002733365 1.810742 -0.01371352
4.636811E-06 0.07894132 -0.3783132
0.002733365 1.810742 -0.01371352
0.07381096 0.07894132 -0.3710442
0.1447809 0.07894132 -0.3495159
0.005357273 1.810742 -0.01291758
0.007775486 1.810742 -0.01162502
0.1447809 0.07894132 -0.3495159
0.007775486 1.810742 -0.01162502
0.2101874 0.07894132 -0.3145554
0.2675163 0.07894133 -0.2675066
0.009895053 1.810742 -0.009885523
0.01163453 1.810742 -0.007765939
0.2675163 0.07894133 -0.2675066
0.01163453 1.810742 -0.007765939
0.3145647 0.07894135 -0.2101772
0.3495252 0.07894135 -0.1447709
0.01292709 1.810742 -0.00534773
0.01372306 1.810742 -0.002723829
0.3495252 0.07894135 -0.1447709
0.01372306 1.810742 -0.002723829
0.3710543 0.07894137 -0.07380111
0.3783234 0.07894138 5.255119E-06
0.01399182 1.810742 4.945386E-06
0.01372306 1.810742 0.002733719
0.3783234 0.07894138 5.255119E-06
0.01372306 1.810742 0.002733719
0.3710543 0.07894139 0.07381158
0.3495252 0.0789414 0.1447814
0.01292709 1.810742 0.005357619
0.01163453 1.810742 0.007775835
0.3495252 0.0789414 0.1447814
0.01163453 1.810742 0.007775835
0.3145647 0.07894141 0.2101879
0.2675163 0.07894142 0.2675169
0.009895053 1.810742 0.009895404
0.007775471 1.810742 0.01163491
0.2675163 0.07894142 0.2675169
0.007775471 1.810742 0.01163491
0.210187 0.07894143 0.3145661
0.1447809 0.07894143 0.3495257
0.005357273 1.810742 0.01292744
0.002733365 1.810742 0.01372342
0.1447809 0.07894143 0.3495257
0.002733365 1.810742 0.01372342
0.07381096 0.07894143 0.3710549
4.603737E-06 0.07894143 0.3783239
4.590988E-06 1.810742 0.01399217
-0.002724181 1.810742 0.01372342
4.603737E-06 0.07894143 0.3783239
-0.002724181 1.810742 0.01372342
-0.0738017 0.07894143 0.3710549
-0.1447716 0.07894143 0.3495257
-0.005348087 1.810742 0.01292744
-0.007766301 1.810742 0.01163491
-0.1447716 0.07894143 0.3495257
-0.007766301 1.810742 0.01163491
-0.2101781 0.07894143 0.3145661
0.07381096 0.07894132 -0.3710442
0.002733365 1.810742 -0.01371352
0.005357273 1.810742 -0.01291758
0.07381096 0.07894132 -0.3710442
0.005357273 1.810742 -0.01291758
0.1447809 0.07894132 -0.3495159
0.2101874 0.07894132 -0.3145554
0.007775486 1.810742 -0.01162502
0.009895053 1.810742 -0.009885523
0.2101874 0.07894132 -0.3145554
0.009895053 1.810742 -0.009885523
0.2675163 0.07894133 -0.2675066
0.3145647 0.07894135 -0.2101772
0.01163453 1.810742 -0.007765939
0.01292709 1.810742 -0.00534773
0.3145647 0.07894135 -0.2101772
0.01292709 1.810742 -0.00534773
0.3495252 0.07894135 -0.1447709
0.3710543 0.07894137 -0.07380111
0.01372306 1.810742 -0.002723829
0.01399182 1.810742 4.945386E-06
0.3710543 0.07894137 -0.07380111
0.01399182 1.810742 4.945386E-06
0.3783234 0.07894138 5.255119E-06
0.3710543 0.07894139 0.07381158
0.01372306 1.810742 0.002733719
0.01292709 1.810742 0.005357619
0.3710543 0.07894139 0.07381158
0.01292709 1.810742 0.005357619
0.3495252 0.0789414 0.1447814
0.3145647 0.07894141 0.2101879
0.01163453 1.810742 0.007775835
0.009895053 1.810742 0.009895404
0.3145647 0.07894141 0.2101879
0.009895053 1.810742 0.009895404
0.2675163 0.07894142 0.2675169
0.210187 0.07894143 0.3145661
0.007775471 1.810742 0.01163491
0.005357273 1.810742 0.01292744
0.210187 0.07894143 0.3145661
0.005357273 1.810742 0.01292744
0.1447809 0.07894143 0.3495257
0.07381096 0.07894143 0.3710549
0.002733365 1.810742 0.01372342
4.590988E-06 1.810742 0.01399217
0.07381096 0.07894143 0.3710549
4.590988E-06 1.810742 0.01399217
4.603737E-06 0.07894143 0.3783239
-0.0738017 0.07894143 0.3710549
-0.002724181 1.810742 0.01372342
-0.005348087 1.810742 0.01292744
-0.0738017 0.07894143 0.3710549
-0.005348087 1.810742 0.01292744
-0.1447716 0.07894143 0.3495257
-0.2101781 0.07894143 0.3145661
-0.007766301 1.810742 0.01163491
-0.00988587 1.810742 0.009895404
-0.2101781 0.07894143 0.3145661
-0.00988587 1.810742 0.009895404
-0.2675071 0.07894142 0.2675169
-0.0738017 0.07894132 -0.3710442
-0.002724181 1.810742 -0.01371352
4.592211E-06 1.810742 -0.01398227
-0.0738017 0.07894132 -0.3710442
4.592211E-06 1.810742 -0.01398227
4.636811E-06 0.07894132 -0.3783132
-0.1447716 0.07894132 -0.3495159
-0.0738017 0.07894132 -0.3710442
4.636811E-06 0.07894132 -0.3783132
-0.1447716 0.07894132 -0.3495159
4.636811E-06 0.07894132 -0.3783132
0.07381096 0.07894132 -0.3710442
-0.1447716 0.07894132 -0.3495159
0.07381096 0.07894132 -0.3710442
0.1447809 0.07894132 -0.3495159
-0.1447716 0.07894132 -0.3495159
0.1447809 0.07894132 -0.3495159
0.2101874 0.07894132 -0.3145554
-0.1447716 0.07894132 -0.3495159
0.2101874 0.07894132 -0.3145554
0.2675163 0.07894133 -0.2675066
-0.1447716 0.07894132 -0.3495159
0.2675163 0.07894133 -0.2675066
0.3145647 0.07894135 -0.2101772
-0.1447716 0.07894132 -0.3495159
0.3145647 0.07894135 -0.2101772
0.3495252 0.07894135 -0.1447709
-0.1447716 0.07894132 -0.3495159
0.3495252 0.07894135 -0.1447709
0.3710543 0.07894137 -0.07380111
-0.1447716 0.07894132 -0.3495159
0.3710543 0.07894137 -0.07380111
0.3783234 0.07894138 5.255119E-06
-0.1447716 0.07894132 -0.3495159
0.3783234 0.07894138 5.255119E-06
0.3710543 0.07894139 0.07381158
-0.1447716 0.07894132 -0.3495159
0.3710543 0.07894139 0.07381158
0.3495252 0.0789414 0.1447814
-0.1447716 0.07894132 -0.3495159
0.3495252 0.0789414 0.1447814
0.3145647 0.07894141 0.2101879
-0.1447716 0.07894132 -0.3495159
0.3145647 0.07894141 0.2101879
0.2675163 0.07894142 0.2675169
-0.1447716 0.07894132 -0.3495159
0.2675163 0.07894142 0.2675169
0.210187 0.07894143 0.3145661
-0.1447716 0.07894132 -0.3495159
0.210187 0.07894143 0.3145661
0.1447809 0.07894143 0.3495257
-0.1447716 0.07894132 -0.3495159
0.1447809 0.07894143 0.3495257
0.07381096 0.07894143 0.3710549
-0.1447716 0.07894132 -0.3495159
0.07381096 0.07894143 0.3710549
4.603737E-06 0.07894143 0.3783239
-0.1447716 0.07894132 -0.3495159
4.603737E-06 0.07894143 0.3783239
-0.0738017 0.07894143 0.3710549
-0.1447716 0.07894132 -0.3495159
-0.0738017 0.07894143 0.3710549
-0.1447716 0.07894143 0.3495257
-0.1447716 0.07894132 -0.3495159
-0.1447716 0.07894143 0.3495257
-0.2101781 0.07894143 0.3145661
-0.1447716 0.07894132 -0.3495159
-0.2101781 0.07894143 0.3145661
-0.2675071 0.07894142 0.2675169
-0.1447716 0.07894132 -0.3495159
-0.2675071 0.07894142 0.2675169
-0.3145559 0.07894141 0.2101879
-0.1447716 0.07894132 -0.3495159
-0.3145559 0.07894141 0.2101879
-0.3495164 0.0789414 0.1447816
-0.1447716 0.07894132 -0.3495159
-0.3495164 0.0789414 0.1447816
-0.3710446 0.07894139 0.07381158
-0.1447716 0.07894132 -0.3495159
-0.3710446 0.07894139 0.07381158
-0.3783138 0.07894138 5.23407E-06
-0.1447716 0.07894132 -0.3495159
-0.3783138 0.07894138 5.23407E-06
-0.3710446 0.07894137 -0.07380111
-0.1447716 0.07894132 -0.3495159
-0.3710446 0.07894137 -0.07380111
-0.3495164 0.07894135 -0.1447712
-0.1447716 0.07894132 -0.3495159
-0.3495164 0.07894135 -0.1447712
-0.3145559 0.07894135 -0.2101772
-0.1447716 0.07894132 -0.3495159
-0.3145559 0.07894135 -0.2101772
-0.2675071 0.07894133 -0.2675066
-0.1447716 0.07894132 -0.3495159
-0.2675071 0.07894133 -0.2675066
-0.2101781 0.07894132 -0.3145554
-0.2101781 0.07894132 -0.3145554
-0.007766301 1.810742 -0.01162502
-0.005348087 1.810742 -0.01291758
-0.2101781 0.07894132 -0.3145554
-0.005348087 1.810742 -0.01291758
-0.1447716 0.07894132 -0.3495159
-0.3145559 0.07894135 -0.2101772
-0.01162536 1.810742 -0.007765939
-0.00988587 1.810742 -0.009885523
-0.3145559 0.07894135 -0.2101772
-0.00988587 1.810742 -0.009885523
-0.2675071 0.07894133 -0.2675066
-0.3710446 0.07894137 -0.07380111
-0.01371387 1.810742 -0.002723829
-0.01291792 1.810742 -0.005347739
-0.3710446 0.07894137 -0.07380111
-0.01291792 1.810742 -0.005347739
-0.3495164 0.07894135 -0.1447712
-0.3710446 0.07894139 0.07381158
-0.01371387 1.810742 0.002733719
-0.01398262 1.810742 4.944608E-06
-0.3710446 0.07894139 0.07381158
-0.01398262 1.810742 4.944608E-06
-0.3783138 0.07894138 5.23407E-06
-0.3145559 0.07894141 0.2101879
-0.01162536 1.810742 0.007775835
-0.01291792 1.810742 0.005357628
-0.3145559 0.07894141 0.2101879
-0.01291792 1.810742 0.005357628
-0.3495164 0.0789414 0.1447816
6.775176E-06 1.534386 -0.4965923
6.775176E-06 1.794195 -0.4965923
0.09688715 1.794195 -0.4870505
6.775176E-06 1.534386 -0.4965923
0.09688715 1.794195 -0.4870505
0.09688715 1.534386 -0.4870504
0.09688715 1.534386 -0.4870504
0.09688715 1.794195 -0.4870505
0.1900444 1.794195 -0.4587915
0.09688715 1.534386 -0.4870504
0.1900444 1.794195 -0.4587915
0.1900444 1.534386 -0.4587915
0.1900444 1.534386 -0.4587915
0.1900444 1.794195 -0.4587915
0.2758987 1.794195 -0.4129015
0.1900444 1.534386 -0.4587915
0.2758987 1.794195 -0.4129015
0.2758987 1.534386 -0.4129014
0.2758987 1.534386 -0.4129014
0.2758987 1.794195 -0.4129015
0.3511503 1.794195 -0.3511438
0.2758987 1.534386 -0.4129014
0.3511503 1.794195 -0.3511438
0.3511503 1.534386 -0.3511437
0.3511503 1.534386 -0.3511437
0.3511503 1.794195 -0.3511438
0.4129081 1.794195 -0.275892
0.3511503 1.534386 -0.3511437
0.4129081 1.794195 -0.275892
0.4129081 1.534386 -0.2758919
0.4129081 1.534386 -0.2758919
0.4129081 1.794195 -0.275892
0.458798 1.794195 -0.1900375
0.4129081 1.534386 -0.2758919
0.458798 1.794195 -0.1900375
0.458798 1.534386 -0.1900375
0.458798 1.534386 -0.1900375
0.458798 1.794195 -0.1900375
0.4870572 1.794195 -0.09688041
0.458798 1.534386 -0.1900375
0.4870572 1.794195 -0.09688041
0.4870572 1.534386 -0.09688038
0.4870572 1.534386 -0.09688038
0.4870572 1.794195 -0.09688041
0.4965988 1.794195 -2.336975E-08
0.4870572 1.534386 -0.09688038
0.4965988 1.794195 -2.336975E-08
0.4965988 1.534386 1.895847E-08
0.4965988 1.534386 1.895847E-08
0.4965988 1.794195 -2.336975E-08
0.4870572 1.794195 0.09688027
0.4965988 1.534386 1.895847E-08
0.4870572 1.794195 0.09688027
0.4870572 1.534386 0.09688031
0.4870572 1.534386 0.09688031
0.4870572 1.794195 0.09688027
0.458798 1.794195 0.1900375
0.4870572 1.534386 0.09688031
0.458798 1.794195 0.1900375
0.458798 1.534386 0.1900376
0.458798 1.534386 0.1900376
0.458798 1.794195 0.1900375
0.4129081 1.794195 0.2758919
0.458798 1.534386 0.1900376
0.4129081 1.794195 0.2758919
0.4129081 1.534386 0.275892
0.4129081 1.534386 0.275892
0.4129081 1.794195 0.2758919
0.3511503 1.794195 0.3511437
0.4129081 1.534386 0.275892
0.3511503 1.794195 0.3511437
0.3511503 1.534386 0.3511437
0.3511503 1.534386 0.3511437
0.3511503 1.794195 0.3511437
0.2758987 1.794195 0.4129013
0.3511503 1.534386 0.3511437
0.2758987 1.794195 0.4129013
0.2758987 1.534386 0.4129013
0.2758987 1.534386 0.4129013
0.2758987 1.794195 0.4129013
0.1900444 1.794195 0.4587912
0.2758987 1.534386 0.4129013
0.1900444 1.794195 0.4587912
0.1900444 1.534386 0.4587913
0.1900444 1.534386 0.4587913
0.1900444 1.794195 0.4587912
0.09688705 1.794195 0.4870498
0.1900444 1.534386 0.4587913
0.09688705 1.794195 0.4870498
0.09688705 1.534386 0.4870499
0.09688705 1.534386 0.4870499
0.09688705 1.794195 0.4870498
6.731763E-06 1.794195 0.496592
0.09688705 1.534386 0.4870499
6.731763E-06 1.794195 0.496592
6.731763E-06 1.534386 0.496592
6.731763E-06 1.534386 0.496592
6.731763E-06 1.794195 0.496592
-0.09687353 1.794195 0.4870498
6.731763E-06 1.534386 0.496592
-0.09687353 1.794195 0.4870498
-0.09687353 1.534386 0.4870499
-0.09687353 1.534386 0.4870499
-0.09687353 1.794195 0.4870498
-0.1900308 1.794195 0.4587912
-0.09687353 1.534386 0.4870499
-0.1900308 1.794195 0.4587912
-0.1900308 1.534386 0.4587913
-0.1900308 1.534386 0.4587913
-0.1900308 1.794195 0.4587912
-0.275885 1.794195 0.4129013
-0.1900308 1.534386 0.4587913
-0.275885 1.794195 0.4129013
-0.275885 1.534386 0.4129013
-0.275885 1.534386 0.4129013
-0.275885 1.794195 0.4129013
-0.3511367 1.794195 0.3511437
-0.275885 1.534386 0.4129013
-0.3511367 1.794195 0.3511437
-0.3511367 1.534386 0.3511437
-0.3511367 1.534386 0.3511437
-0.3511367 1.794195 0.3511437
-0.4128945 1.794195 0.2758919
-0.3511367 1.534386 0.3511437
-0.4128945 1.794195 0.2758919
-0.4128945 1.534386 0.275892
-0.4128945 1.534386 0.275892
-0.4128945 1.794195 0.2758919
-0.4587845 1.794195 0.1900377
-0.4128945 1.534386 0.275892
-0.4587845 1.794195 0.1900377
-0.4587845 1.534386 0.1900377
-0.4587845 1.534386 0.1900377
-0.4587845 1.794195 0.1900377
-0.4870434 1.794195 0.09688027
-0.4587845 1.534386 0.1900377
-0.4870434 1.794195 0.09688027
-0.4870434 1.534386 0.09688031
-0.4870434 1.534386 0.09688031
-0.4870434 1.794195 0.09688027
-0.4965852 1.794195 -5.099827E-08
-0.4870434 1.534386 0.09688031
-0.4965852 1.794195 -5.099827E-08
-0.4965852 1.534386 -8.670043E-09
-0.4965852 1.534386 -8.670043E-09
-0.4965852 1.794195 -5.099827E-08
-0.4870434 1.794195 -0.09688041
-0.4965852 1.534386 -8.670043E-09
-0.4870434 1.794195 -0.09688041
-0.4870434 1.534386 -0.09688038
-0.4870434 1.534386 -0.09688038
-0.4870434 1.794195 -0.09688041
-0.4587845 1.794195 -0.1900377
-0.4870434 1.534386 -0.09688038
-0.4587845 1.794195 -0.1900377
-0.4587845 1.534386 -0.1900376
-0.4587845 1.534386 -0.1900376
-0.4587845 1.794195 -0.1900377
-0.4128945 1.794195 -0.2758918
-0.4587845 1.534386 -0.1900376
-0.4128945 1.794195 -0.2758918
-0.4128945 1.534386 -0.2758917
-0.4128945 1.534386 -0.2758917
-0.4128945 1.794195 -0.2758918
-0.3511367 1.794195 -0.3511435
-0.4128945 1.534386 -0.2758917
-0.3511367 1.794195 -0.3511435
-0.3511367 1.534386 -0.3511434
-0.3511367 1.534386 -0.3511434
-0.3511367 1.794195 -0.3511435
-0.275885 1.794195 -0.4129015
-0.3511367 1.534386 -0.3511434
-0.275885 1.794195 -0.4129015
-0.275885 1.534386 -0.4129014
-0.275885 1.534386 -0.4129014
-0.275885 1.794195 -0.4129015
-0.1900308 1.794195 -0.4587915
-0.275885 1.534386 -0.4129014
-0.1900308 1.794195 -0.4587915
-0.1900308 1.534386 -0.4587915
0.09688715 1.794195 -0.4870505
6.775176E-06 1.794195 -0.4965923
-0.09687353 1.794195 -0.4870505
0.09688715 1.794195 -0.4870505
-0.09687353 1.794195 -0.4870505
-0.1900308 1.794195 -0.4587915
0.09688715 1.794195 -0.4870505
-0.1900308 1.794195 -0.4587915
-0.275885 1.794195 -0.4129015
0.09688715 1.794195 -0.4870505
-0.275885 1.794195 -0.4129015
-0.3511367 1.794195 -0.3511435
0.09688715 1.794195 -0.4870505
-0.3511367 1.794195 -0.3511435
-0.4128945 1.794195 -0.2758918
0.09688715 1.794195 -0.4870505
-0.4128945 1.794195 -0.2758918
-0.4587845 1.794195 -0.1900377
0.09688715 1.794195 -0.4870505
-0.4587845 1.794195 -0.1900377
-0.4870434 1.794195 -0.09688041
0.09688715 1.794195 -0.4870505
-0.4870434 1.794195 -0.09688041
-0.4965852 1.794195 -5.099827E-08
0.09688715 1.794195 -0.4870505
-0.4965852 1.794195 -5.099827E-08
-0.4870434 1.794195 0.09688027
0.09688715 1.794195 -0.4870505
-0.4870434 1.794195 0.09688027
-0.4587845 1.794195 0.1900377
0.09688715 1.794195 -0.4870505
-0.4587845 1.794195 0.1900377
-0.4128945 1.794195 0.2758919
0.09688715 1.794195 -0.4870505
-0.4128945 1.794195 0.2758919
-0.3511367 1.794195 0.3511437
0.09688715 1.794195 -0.4870505
-0.3511367 1.794195 0.3511437
-0.275885 1.794195 0.4129013
0.09688715 1.794195 -0.4870505
-0.275885 1.794195 0.4129013
-0.1900308 1.794195 0.4587912
0.09688715 1.794195 -0.4870505
-0.1900308 1.794195 0.4587912
-0.09687353 1.794195 0.4870498
0.09688715 1.794195 -0.4870505
-0.09687353 1.794195 0.4870498
6.731763E-06 1.794195 0.496592
0.09688715 1.794195 -0.4870505
6.731763E-06 1.794195 0.496592
0.09688705 1.794195 0.4870498
0.09688715 1.794195 -0.4870505
0.09688705 1.794195 0.4870498
0.1900444 1.794195 0.4587912
0.09688715 1.794195 -0.4870505
0.1900444 1.794195 0.4587912
0.2758987 1.794195 0.4129013
0.09688715 1.794195 -0.4870505
0.2758987 1.794195 0.4129013
0.3511503 1.794195 0.3511437
0.09688715 1.794195 -0.4870505
0.3511503 1.794195 0.3511437
0.4129081 1.794195 0.2758919
0.09688715 1.794195 -0.4870505
0.4129081 1.794195 0.2758919
0.458798 1.794195 0.1900375
0.09688715 1.794195 -0.4870505
0.458798 1.794195 0.1900375
0.4870572 1.794195 0.09688027
0.09688715 1.794195 -0.4870505
0.4870572 1.794195 0.09688027
0.4965988 1.794195 -2.336975E-08
0.09688715 1.794195 -0.4870505
0.4965988 1.794195 -2.336975E-08
0.4870572 1.794195 -0.09688041
0.09688715 1.794195 -0.4870505
0.4870572 1.794195 -0.09688041
0.458798 1.794195 -0.1900375
0.09688715 1.794195 -0.4870505
0.458798 1.794195 -0.1900375
0.4129081 1.794195 -0.275892
0.09688715 1.794195 -0.4870505
0.4129081 1.794195 -0.275892
0.3511503 1.794195 -0.3511438
0.09688715 1.794195 -0.4870505
0.3511503 1.794195 -0.3511438
0.2758987 1.794195 -0.4129015
0.09688715 1.794195 -0.4870505
0.2758987 1.794195 -0.4129015
0.1900444 1.794195 -0.4587915
-0.1900308 1.534386 -0.4587915
-0.1900308 1.794195 -0.4587915
-0.09687353 1.794195 -0.4870505
-0.1900308 1.534386 -0.4587915
-0.09687353 1.794195 -0.4870505
-0.09687353 1.534386 -0.4870504
-0.09687353 1.534386 -0.4870504
-0.09687353 1.794195 -0.4870505
6.775176E-06 1.794195 -0.4965923
-0.09687353 1.534386 -0.4870504
6.775176E-06 1.794195 -0.4965923
6.775176E-06 1.534386 -0.4965923
6.775176E-06 1.534386 -0.4965923
0.09688715 1.534386 -0.4870504
0.1900444 1.534386 -0.4587915
6.775176E-06 1.534386 -0.4965923
0.1900444 1.534386 -0.4587915
0.2758987 1.534386 -0.4129014
6.775176E-06 1.534386 -0.4965923
0.2758987 1.534386 -0.4129014
0.3511503 1.534386 -0.3511437
6.775176E-06 1.534386 -0.4965923
0.3511503 1.534386 -0.3511437
0.4129081 1.534386 -0.2758919
6.775176E-06 1.534386 -0.4965923
0.4129081 1.534386 -0.2758919
0.458798 1.534386 -0.1900375
6.775176E-06 1.534386 -0.4965923
0.458798 1.534386 -0.1900375
0.4870572 1.534386 -0.09688038
6.775176E-06 1.534386 -0.4965923
0.4870572 1.534386 -0.09688038
0.4965988 1.534386 1.895847E-08
6.775176E-06 1.534386 -0.4965923
0.4965988 1.534386 1.895847E-08
0.4870572 1.534386 0.09688031
6.775176E-06 1.534386 -0.4965923
0.4870572 1.534386 0.09688031
0.458798 1.534386 0.1900376
6.775176E-06 1.534386 -0.4965923
0.458798 1.534386 0.1900376
0.4129081 1.534386 0.275892
6.775176E-06 1.534386 -0.4965923
0.4129081 1.534386 0.275892
0.3511503 1.534386 0.3511437
6.775176E-06 1.534386 -0.4965923
0.3511503 1.534386 0.3511437
0.2758987 1.534386 0.4129013
6.775176E-06 1.534386 -0.4965923
0.2758987 1.534386 0.4129013
0.1900444 1.534386 0.4587913
6.775176E-06 1.534386 -0.4965923
0.1900444 1.534386 0.4587913
0.09688705 1.534386 0.4870499
6.775176E-06 1.534386 -0.4965923
0.09688705 1.534386 0.4870499
6.731763E-06 1.534386 0.496592
6.775176E-06 1.534386 -0.4965923
6.731763E-06 1.534386 0.496592
-0.09687353 1.534386 0.4870499
6.775176E-06 1.534386 -0.4965923
-0.09687353 1.534386 0.4870499
-0.1900308 1.534386 0.4587913
6.775176E-06 1.534386 -0.4965923
-0.1900308 1.534386 0.4587913
-0.275885 1.534386 0.4129013
6.775176E-06 1.534386 -0.4965923
-0.275885 1.534386 0.4129013
-0.3511367 1.534386 0.3511437
6.775176E-06 1.534386 -0.4965923
-0.3511367 1.534386 0.3511437
-0.4128945 1.534386 0.275892
6.775176E-06 1.534386 -0.4965923
-0.4128945 1.534386 0.275892
-0.4587845 1.534386 0.1900377
6.775176E-06 1.534386 -0.4965923
-0.4587845 1.534386 0.1900377
-0.4870434 1.534386 0.09688031
6.775176E-06 1.534386 -0.4965923
-0.4870434 1.534386 0.09688031
-0.4965852 1.534386 -8.670043E-09
6.775176E-06 1.534386 -0.4965923
-0.4965852 1.534386 -8.670043E-09
-0.4870434 1.534386 -0.09688038
6.775176E-06 1.534386 -0.4965923
-0.4870434 1.534386 -0.09688038
-0.4587845 1.534386 -0.1900376
6.775176E-06 1.534386 -0.4965923
-0.4587845 1.534386 -0.1900376
-0.4128945 1.534386 -0.2758917
6.775176E-06 1.534386 -0.4965923
-0.4128945 1.534386 -0.2758917
-0.3511367 1.534386 -0.3511434
6.775176E-06 1.534386 -0.4965923
-0.3511367 1.534386 -0.3511434
-0.275885 1.534386 -0.4129014
6.775176E-06 1.534386 -0.4965923
-0.275885 1.534386 -0.4129014
-0.1900308 1.534386 -0.4587915
6.775176E-06 1.534386 -0.4965923
-0.1900308 1.534386 -0.4587915
-0.09687353 1.534386 -0.4870504
0.3166201 1.847524 -0.2300374
0.1271598 1.814975 -0.3913645
0.0747421 1.982219 -0.2300366
0.2418762 1.982217 -3.526575E-07
0.3166201 1.847524 -0.2300374
0.0747421 1.982219 -0.2300366
0.2418762 1.982217 -3.526575E-07
0.0747421 1.982219 -0.2300366
5.256268E-08 2.044129 -3.627442E-07
-0.1209398 1.847524 -0.3722079
-0.3329149 1.814975 -0.2418744
-0.1956811 1.982219 -0.1421693
0.0747421 1.982219 -0.2300366
-0.1209398 1.847524 -0.3722079
-0.1956811 1.982219 -0.1421693
0.0747421 1.982219 -0.2300366
-0.1956811 1.982219 -0.1421693
5.256268E-08 2.044129 -3.627442E-07
-0.3913633 1.847524 -3.307131E-07
-0.3329149 1.814975 0.2418738
-0.1956811 1.982219 0.1421686
-0.1956811 1.982219 -0.1421693
-0.3913633 1.847524 -3.307131E-07
-0.1956811 1.982219 0.1421686
-0.1956811 1.982219 -0.1421693
-0.1956811 1.982219 0.1421686
5.256268E-08 2.044129 -3.627442E-07
-0.1956811 1.982219 0.1421686
-0.1209398 1.847525 0.3722071
0.0747421 1.982219 0.2300359
-0.1956811 1.982219 0.1421686
0.0747421 1.982219 0.2300359
5.256268E-08 2.044129 -3.627442E-07
0.3166201 1.847524 0.2300367
0.4115049 1.814973 -3.2541E-07
0.2418762 1.982217 -3.526575E-07
0.0747421 1.982219 0.2300359
0.3166201 1.847524 0.2300367
0.2418762 1.982217 -3.526575E-07
0.0747421 1.982219 0.2300359
0.2418762 1.982217 -3.526575E-07
5.256268E-08 2.044129 -3.627442E-07
0.2704267 1.629581 -0.3722103
0.1271598 1.814975 -0.3913645
0.3166201 1.847524 -0.2300374
0.4375597 1.629581 -0.1421699
0.2704267 1.629581 -0.3722103
0.3166201 1.847524 -0.2300374
0.4375597 1.629581 -0.1421699
0.3166201 1.847524 -0.2300374
0.4115049 1.814973 -3.2541E-07
-0.2704265 1.629581 -0.3722103
-0.3329149 1.814975 -0.2418744
-0.1209398 1.847524 -0.3722079
5.256268E-08 1.629581 -0.4600772
-0.2704265 1.629581 -0.3722103
-0.1209398 1.847524 -0.3722079
-0.1209398 1.847525 0.3722071
0.1271598 1.814975 0.3913637
0.0747421 1.982219 0.2300359
5.256268E-08 1.629581 -0.4600772
-0.1209398 1.847524 -0.3722079
0.1271598 1.814975 -0.3913645
-0.4375596 1.629581 -0.1421699
-0.4375596 1.629581 0.1421693
-0.3913633 1.847524 -3.307131E-07
-0.4375596 1.629581 -0.1421699
-0.3913633 1.847524 -3.307131E-07
-0.3329149 1.814975 -0.2418744
5.256268E-08 1.629581 0.4600765
0.1271598 1.814975 0.3913637
-0.1209398 1.847525 0.3722071
-0.2704265 1.629581 0.3722096
5.256268E-08 1.629581 0.4600765
-0.1209398 1.847525 0.3722071
-0.2704265 1.629581 0.3722096
-0.1209398 1.847525 0.3722071
-0.3329149 1.814975 0.2418738
0.1209399 1.411637 -0.3722078
-0.1271597 1.444186 -0.3913644
5.256268E-08 1.629581 -0.4600772
0.2704267 1.629581 -0.3722103
0.1209399 1.411637 -0.3722078
5.256268E-08 1.629581 -0.4600772
0.2704267 1.629581 -0.3722103
5.256268E-08 1.629581 -0.4600772
0.1271598 1.814975 -0.3913645
-0.31662 1.411637 -0.2300373
-0.4115048 1.444188 -2.650014E-07
-0.4375596 1.629581 -0.1421699
-0.2704265 1.629581 -0.3722103
-0.31662 1.411637 -0.2300373
-0.4375596 1.629581 -0.1421699
-0.4375596 1.629581 0.1421693
-0.3329149 1.814975 0.2418738
-0.3913633 1.847524 -3.307131E-07
-0.2704265 1.629581 -0.3722103
-0.4375596 1.629581 -0.1421699
-0.3329149 1.814975 -0.2418744
-0.4375596 1.629581 0.1421693
-0.31662 1.411637 0.2300368
-0.2704265 1.629581 0.3722096
-0.4375596 1.629581 0.1421693
-0.2704265 1.629581 0.3722096
-0.3329149 1.814975 0.2418738
0.1209399 1.411637 0.3722072
0.332915 1.444187 0.2418739
0.2704267 1.629581 0.3722096
5.256268E-08 1.629581 0.4600765
0.1209399 1.411637 0.3722072
0.2704267 1.629581 0.3722096
5.256268E-08 1.629581 0.4600765
0.2704267 1.629581 0.3722096
0.1271598 1.814975 0.3913637
0.3913634 1.411637 -2.596982E-07
0.332915 1.444187 -0.2418743
0.4375597 1.629581 -0.1421699
0.4375597 1.629581 0.1421693
0.3913634 1.411637 -2.596982E-07
0.4375597 1.629581 -0.1421699
0.4375597 1.629581 0.1421693
0.4375597 1.629581 -0.1421699
0.4115049 1.814973 -3.2541E-07
-0.074742 1.276943 -0.2300365
-0.1271597 1.444186 -0.3913644
0.1209399 1.411637 -0.3722078
0.1956812 1.276943 -0.1421692
-0.074742 1.276943 -0.2300365
0.1209399 1.411637 -0.3722078
-0.31662 1.411637 0.2300368
-0.1271597 1.444186 0.3913638
-0.2704265 1.629581 0.3722096
0.1956812 1.276943 -0.1421692
0.1209399 1.411637 -0.3722078
0.332915 1.444187 -0.2418743
-0.074742 1.276943 -0.2300365
-0.2418761 1.276944 -2.377539E-07
-0.31662 1.411637 -0.2300373
-0.074742 1.276943 -0.2300365
-0.31662 1.411637 -0.2300373
-0.1271597 1.444186 -0.3913644
-0.074742 1.276943 0.2300361
-0.1271597 1.444186 0.3913638
-0.31662 1.411637 0.2300368
-0.2418761 1.276944 -2.377539E-07
-0.074742 1.276943 0.2300361
-0.31662 1.411637 0.2300368
-0.2418761 1.276944 -2.377539E-07
-0.31662 1.411637 0.2300368
-0.4115048 1.444188 -2.650014E-07
0.1956812 1.276943 0.1421688
5.256268E-08 1.215032 -2.276672E-07
0.1956812 1.276943 -0.1421692
0.3913634 1.411637 -2.596982E-07
0.1956812 1.276943 0.1421688
0.1956812 1.276943 -0.1421692
0.3913634 1.411637 -2.596982E-07
0.1956812 1.276943 -0.1421692
0.332915 1.444187 -0.2418743
0.1956812 1.276943 0.1421688
0.332915 1.444187 0.2418739
0.1209399 1.411637 0.3722072
-0.074742 1.276943 0.2300361
0.1956812 1.276943 0.1421688
0.1209399 1.411637 0.3722072
-0.2418761 1.276944 -2.377539E-07
-0.4115048 1.444188 -2.650014E-07
-0.31662 1.411637 -0.2300373
-0.074742 1.276943 0.2300361
0.1209399 1.411637 0.3722072
-0.1271597 1.444186 0.3913638
0.2704267 1.629581 0.3722096
0.4375597 1.629581 0.1421693
0.3166201 1.847524 0.2300367
0.2704267 1.629581 0.3722096
0.3166201 1.847524 0.2300367
0.1271598 1.814975 0.3913637
0.4115049 1.814973 -3.2541E-07
0.3166201 1.847524 -0.2300374
0.2418762 1.982217 -3.526575E-07
0.1271598 1.814975 -0.3913645
-0.1209398 1.847524 -0.3722079
0.0747421 1.982219 -0.2300366
-0.3329149 1.814975 -0.2418744
-0.3913633 1.847524 -3.307131E-07
-0.1956811 1.982219 -0.1421693
-0.3329149 1.814975 0.2418738
-0.1209398 1.847525 0.3722071
-0.1956811 1.982219 0.1421686
0.1271598 1.814975 0.3913637
0.3166201 1.847524 0.2300367
0.0747421 1.982219 0.2300359
0.332915 1.444187 -0.2418743
0.2704267 1.629581 -0.3722103
0.4375597 1.629581 -0.1421699
-0.1271597 1.444186 -0.3913644
-0.2704265 1.629581 -0.3722103
5.256268E-08 1.629581 -0.4600772
-0.4115048 1.444188 -2.650014E-07
-0.4375596 1.629581 0.1421693
-0.4375596 1.629581 -0.1421699
0.4375597 1.629581 0.1421693
0.4115049 1.814973 -3.2541E-07
0.3166201 1.847524 0.2300367
-0.1271597 1.444186 0.3913638
5.256268E-08 1.629581 0.4600765
-0.2704265 1.629581 0.3722096
0.332915 1.444187 -0.2418743
0.1209399 1.411637 -0.3722078
0.2704267 1.629581 -0.3722103
-0.1271597 1.444186 -0.3913644
-0.31662 1.411637 -0.2300373
-0.2704265 1.629581 -0.3722103
-0.4115048 1.444188 -2.650014E-07
-0.31662 1.411637 0.2300368
-0.4375596 1.629581 0.1421693
-0.1271597 1.444186 0.3913638
0.1209399 1.411637 0.3722072
5.256268E-08 1.629581 0.4600765
0.332915 1.444187 0.2418739
0.3913634 1.411637 -2.596982E-07
0.4375597 1.629581 0.1421693
5.256268E-08 1.215032 -2.276672E-07
-0.074742 1.276943 -0.2300365
0.1956812 1.276943 -0.1421692
5.256268E-08 1.215032 -2.276672E-07
-0.2418761 1.276944 -2.377539E-07
-0.074742 1.276943 -0.2300365
5.256268E-08 1.215032 -2.276672E-07
-0.074742 1.276943 0.2300361
-0.2418761 1.276944 -2.377539E-07
0.332915 1.444187 0.2418739
0.1956812 1.276943 0.1421688
0.3913634 1.411637 -2.596982E-07
5.256268E-08 1.215032 -2.276672E-07
0.1956812 1.276943 0.1421688
-0.074742 1.276943 0.2300361
0.332915 1.444187 0.2418739
0.4375597 1.629581 0.1421693
0.2704267 1.629581 0.3722096