-8.79576 9.491557 -8.808648
-8.79576 9.491556 8.80865
-8.79576 11.21874 8.80865
-8.79576 9.491557 -8.808648
-8.79576 11.21874 8.80865
-8.79576 11.21874 -8.808648
-8.79576 11.21874 -8.808648
-8.79576 11.21874 8.80865
8.821538 11.21874 8.80865
-8.79576 11.21874 -8.808648
8.821538 11.21874 8.80865
8.821538 11.21874 -8.808648
8.821538 11.21874 -8.808648
8.821538 11.21874 8.80865
8.821538 9.491556 8.80865
8.821538 11.21874 -8.808648
8.821538 9.491556 8.80865
8.821538 9.491557 -8.808648
8.821538 9.491557 -8.808648
8.821538 9.491556 8.80865
-8.79576 9.491556 8.80865
8.821538 9.491557 -8.808648
-8.79576 9.491556 8.80865
-8.79576 9.491557 -8.808648
-8.79576 11.21874 -8.808648
8.821538 11.21874 -8.808648
8.821538 9.491557 -8.808648
-8.79576 11.21874 -8.808648
8.821538 9.491557 -8.808648
-8.79576 9.491557 -8.808648
8.821538 11.21874 8.80865
-8.79576 11.21874 8.80865
-8.79576 9.491556 8.80865
8.821538 11.21874 8.80865
-8.79576 9.491556 8.80865
8.821538 9.491556 8.80865
-7.759449 -0.007967851 6.045152
-7.759449 -0.007967927 7.772339
-6.032261 -0.007967927 7.772339
-7.759449 -0.007967851 6.045152
-6.032261 -0.007967927 7.772339
-6.032261 -0.007967851 6.045152
-7.759449 -0.007967248 -7.772337
-7.759449 -0.007967323 -6.04515
-6.032261 -0.007967323 -6.04515
-7.759449 -0.007967248 -7.772337
-6.032261 -0.007967323 -6.04515
-6.032261 -0.007967248 -7.772337
6.058038 -0.007967927 7.772338
6.058038 10.35515 7.772338
6.058038 10.35515 6.045152
6.058038 -0.007967927 7.772338
6.058038 10.35515 6.045152
6.058038 -0.007967851 6.045152
6.058038 -0.007967851 6.045152
6.058038 10.35515 6.045152
7.785224 10.35515 6.045152
6.058038 -0.007967851 6.045152
7.785224 10.35515 6.045152
7.785224 -0.007967851 6.045152
7.785224 -0.007967851 6.045152
7.785224 10.35515 6.045152
7.785224 10.35515 7.772338
7.785224 -0.007967851 6.045152
7.785224 10.35515 7.772338
7.785224 -0.007967927 7.772338
7.785224 -0.007967927 7.772338
7.785224 10.35515 7.772338
6.058038 10.35515 7.772338
7.785224 -0.007967927 7.772338
6.058038 10.35515 7.772338
6.058038 -0.007967927 7.772338
6.058038 -0.007967851 6.045152
7.785224 -0.007967851 6.045152
7.785224 -0.007967927 7.772338
6.058038 -0.007967851 6.045152
7.785224 -0.007967927 7.772338
6.058038 -0.007967927 7.772338
7.785224 10.35515 6.045152
6.058038 10.35515 6.045152
6.058038 10.35515 7.772338
7.785224 10.35515 6.045152
6.058038 10.35515 7.772338
7.785224 10.35515 7.772338
6.058038 -0.007967323 -6.04515
6.058038 10.35515 -6.04515
6.058038 10.35515 -7.772337
6.058038 -0.007967323 -6.04515
6.058038 10.35515 -7.772337
6.058038 -0.007967248 -7.772337
6.058038 -0.007967248 -7.772337
6.058038 10.35515 -7.772337
7.785224 10.35515 -7.772337
6.058038 -0.007967248 -7.772337
7.785224 10.35515 -7.772337
7.785224 -0.007967248 -7.772337
7.785224 -0.007967248 -7.772337
7.785224 10.35515 -7.772337
7.785224 10.35515 -6.04515
7.785224 -0.007967248 -7.772337
7.785224 10.35515 -6.04515
7.785224 -0.007967323 -6.04515
7.785224 -0.007967323 -6.04515
7.785224 10.35515 -6.04515
6.058038 10.35515 -6.04515
7.785224 -0.007967323 -6.04515
6.058038 10.35515 -6.04515
6.058038 -0.007967323 -6.04515
6.058038 -0.007967248 -7.772337
7.785224 -0.007967248 -7.772337
7.785224 -0.007967323 -6.04515
6.058038 -0.007967248 -7.772337
7.785224 -0.007967323 -6.04515
6.058038 -0.007967323 -6.04515
7.785224 10.35515 -7.772337
6.058038 10.35515 -7.772337
6.058038 10.35515 -6.04515
7.785224 10.35515 -7.772337
6.058038 10.35515 -6.04515
7.785224 10.35515 -6.04515
-7.759449 10.07118 -7.772337
-6.032261 10.07118 -7.772337
-6.032261 10.07118 -6.045149
-7.759449 10.07118 -7.772337
-6.032261 10.07118 -6.045149
-7.759449 10.07118 -6.045149
-6.032261 -0.007967323 -6.04515
-7.759449 -0.007967323 -6.04515
-7.759449 10.07118 -6.045149
-6.032261 -0.007967323 -6.04515
-7.759449 10.07118 -6.045149
-6.032261 10.07118 -6.045149
-7.759449 -0.007967248 -7.772337
-6.032261 -0.007967248 -7.772337
-6.032261 10.07118 -7.772337
-7.759449 -0.007967248 -7.772337
-6.032261 10.07118 -7.772337
-7.759449 10.07118 -7.772337
-6.032261 -0.007967248 -7.772337
-6.032261 -0.007967323 -6.04515
-6.032261 10.07118 -6.045149
-6.032261 -0.007967248 -7.772337
-6.032261 10.07118 -6.045149
-6.032261 10.07118 -7.772337
-7.759449 -0.007967323 -6.04515
-7.759449 -0.007967248 -7.772337
-7.759449 10.07118 -7.772337
-7.759449 -0.007967323 -6.04515
-7.759449 10.07118 -7.772337
-7.759449 10.07118 -6.045149
-7.759449 10.37697 6.045152
-6.032261 10.37697 6.045152
-6.032261 10.37697 7.77234
-7.759449 10.37697 6.045152
-6.032261 10.37697 7.77234
-7.759449 10.37697 7.77234
-6.032261 -0.007967851 6.045152
-6.032261 -0.007967927 7.772339
-6.032261 10.37697 7.77234
-6.032261 -0.007967851 6.045152
-6.032261 10.37697 7.77234
-6.032261 10.37697 6.045152
-7.759449 -0.007967927 7.772339
-7.759449 -0.007967851 6.045152
-7.759449 10.37697 6.045152
-7.759449 -0.007967927 7.772339
-7.759449 10.37697 6.045152
-7.759449 10.37697 7.77234
-6.032261 -0.007967927 7.772339
-7.759449 -0.007967927 7.772339
-7.759449 10.37697 7.77234
-6.032261 -0.007967927 7.772339
-7.759449 10.37697 7.77234
-6.032261 10.37697 7.77234
-7.759449 -0.007967851 6.045152
-6.032261 -0.007967851 6.045152
-6.032261 10.37697 6.045152
-7.759449 -0.007967851 6.045152
-6.032261 10.37697 6.045152
-7.759449 10.37697 6.045152